Number of Sentences    :        2878
Number of Propositions :        5099
Percentage of perfect props :   0.00

              corr.  excess  missed    prec.    rec.      F1
------------------------------------------------------------
   Overall       34   62820   12005     0.05    0.28    0.09
----------
        A0        0    1610    2687     0.00    0.00    0.00
        A1       30    6937    4562     0.43    0.65    0.52
        A2        0    1304    1114     0.00    0.00    0.00
        A3        1     357     127     0.28    0.78    0.41
        A4        0    5100      99     0.00    0.00    0.00
        A5        0       0       1     0.00    0.00    0.00
    AM-ADV        0     169     331     0.00    0.00    0.00
    AM-CAU        0     891     133     0.00    0.00    0.00
    AM-DIR        0    1497      11     0.00    0.00    0.00
    AM-DIS        0      98     268     0.00    0.00    0.00
    AM-EXT        1     826      71     0.12    1.39    0.22
    AM-LOC        0     918     628     0.00    0.00    0.00
    AM-MED        0     108       3     0.00    0.00    0.00
    AM-MNR        0    9704     361     0.00    0.00    0.00
    AM-NEG        0     556     284     0.00    0.00    0.00
    AM-PNC        1   30198     139     0.00    0.71    0.01
    AM-PRD        0     318     160     0.00    0.00    0.00
    AM-REC        0       0       8     0.00    0.00    0.00
    AM-TMP        1    2229    1018     0.04    0.10    0.06
------------------------------------------------------------
         V        0   11692    5099     0.00    0.00    0.00
------------------------------------------------------------
