Number of Sentences    :        2878
Number of Propositions :        5099
Percentage of perfect props :  42.34

              corr.  excess  missed    prec.    rec.      F1
------------------------------------------------------------
   Overall     6788    3315    5251    67.19   56.38   61.31
----------
        A0     1827     522     860    77.78   67.99   72.56
        A1     3330    1030    1262    76.38   72.52   74.40
        A2      517     682     597    43.12   46.41   44.70
        A3        6      22     122    21.43    4.69    7.69
        A4        9      13      90    40.91    9.09   14.88
        A5        0       0       1     0.00    0.00    0.00
    AM-ADV       87     112     244    43.72   26.28   32.83
    AM-CAU       17      41     116    29.31   12.78   17.80
    AM-DIR        2       0       9   100.00   18.18   30.77
    AM-DIS       68      79     200    46.26   25.37   32.77
    AM-EXT        0       1      72     0.00    0.00    0.00
    AM-LOC      207     208     421    49.88   32.96   39.69
    AM-MED        0       1       3     0.00    0.00    0.00
    AM-MNR       43      85     318    33.59   11.91   17.59
    AM-NEG      236      59      48    80.00   83.10   81.52
    AM-PNC       31      38     109    44.93   22.14   29.67
    AM-PRD       28      38     132    42.42   17.50   24.78
    AM-REC        0       0       8     0.00    0.00    0.00
    AM-TMP      380     384     639    49.74   37.29   42.62
------------------------------------------------------------
         V     4981     119     118    97.67   97.69   97.68
------------------------------------------------------------
