Number of Sentences    :        2878
Number of Propositions :        5099
Percentage of perfect props :   0.00

              corr.  excess  missed    prec.    rec.      F1
------------------------------------------------------------
   Overall      273   19533   11766     1.38    2.27    1.71
----------
        A0        0     238    2687     0.00    0.00    0.00
        A1        1     270    4591     0.37    0.02    0.04
        A2       39    4529    1075     0.85    3.50    1.37
        A3       59     118      69    33.33   46.09   38.69
        A4        0      89      99     0.00    0.00    0.00
        A5        0       5       1     0.00    0.00    0.00
    AM-ADV      173     208     158    45.41   52.27   48.60
    AM-CAU        0      24     133     0.00    0.00    0.00
    AM-DIR        0      29      11     0.00    0.00    0.00
    AM-DIS        0    4950     268     0.00    0.00    0.00
    AM-EXT        1    1641      71     0.06    1.39    0.12
    AM-LOC        0      17     628     0.00    0.00    0.00
    AM-MED        0     214       3     0.00    0.00    0.00
    AM-MNR        0     168     361     0.00    0.00    0.00
    AM-NEG        0     899     284     0.00    0.00    0.00
    AM-PNC        0    5960     140     0.00    0.00    0.00
    AM-PRD        0      15     160     0.00    0.00    0.00
    AM-REC        0     152       8     0.00    0.00    0.00
    AM-TMP        0       7    1019     0.00    0.00    0.00
------------------------------------------------------------
         V        0     763    5099     0.00    0.00    0.00
------------------------------------------------------------
