Number of Sentences    :        5099
Number of Propositions :        5099
Percentage of perfect props :  13.89

              corr.  excess  missed    prec.    rec.      F1
------------------------------------------------------------
   Overall     2331    4758    9708    32.88   19.36   24.37
----------
        A0      528     534    2159    49.72   19.65   28.17
        A1     1605    2759    2987    36.78   34.95   35.84
        A2      141     724     973    16.30   12.66   14.25
        A3        0       0     128     0.00    0.00    0.00
        A4        0       0      99     0.00    0.00    0.00
        A5        0       0       1     0.00    0.00    0.00
    AM-ADV        0      17     331     0.00    0.00    0.00
    AM-CAU        0       0     133     0.00    0.00    0.00
    AM-DIR        0       0      11     0.00    0.00    0.00
    AM-DIS        0       0     268     0.00    0.00    0.00
    AM-EXT        0       0      72     0.00    0.00    0.00
    AM-LOC       11     202     617     5.16    1.75    2.62
    AM-MED        0       0       3     0.00    0.00    0.00
    AM-MNR        0       0     361     0.00    0.00    0.00
    AM-NEG        0       0     284     0.00    0.00    0.00
    AM-PNC        0       0     140     0.00    0.00    0.00
    AM-PRD        0       1     160     0.00    0.00    0.00
    AM-REC        0       0       8     0.00    0.00    0.00
    AM-TMP       46     521     973     8.11    4.51    5.80
------------------------------------------------------------
         V     4300     487     799    89.83   84.33   86.99
------------------------------------------------------------
