Number of Sentences    :        2878
Number of Propositions :        5099
Percentage of perfect props :   0.00

              corr.  excess  missed    prec.    rec.      F1
------------------------------------------------------------
   Overall      171   19776   11868     0.86    1.42    1.07
----------
        A0        0     120    2687     0.00    0.00    0.00
        A1        1     227    4591     0.44    0.02    0.04
        A2       68    4607    1046     1.45    6.10    2.35
        A3        6      50     122    10.71    4.69    6.52
        A4        0      26      99     0.00    0.00    0.00
        A5        0       0       1     0.00    0.00    0.00
    AM-ADV       92     180     239    33.82   27.79   30.51
    AM-CAU        0       0     133     0.00    0.00    0.00
    AM-DIR        0       3      11     0.00    0.00    0.00
    AM-DIS        0    4962     268     0.00    0.00    0.00
    AM-EXT        3    1767      69     0.17    4.17    0.33
    AM-LOC        0       0     628     0.00    0.00    0.00
    AM-MED        0     221       3     0.00    0.00    0.00
    AM-MNR        1     101     360     0.98    0.28    0.43
    AM-NEG        0    1129     284     0.00    0.00    0.00
    AM-PNC        0    6275     140     0.00    0.00    0.00
    AM-PRD        0       0     160     0.00    0.00    0.00
    AM-REC        0     108       8     0.00    0.00    0.00
    AM-TMP        0       0    1019     0.00    0.00    0.00
------------------------------------------------------------
         V        0     687    5099     0.00    0.00    0.00
------------------------------------------------------------
