Number of Sentences    :        2878
Number of Propositions :        5099
Percentage of perfect props :   5.06

              corr.  excess  missed    prec.    rec.      F1
------------------------------------------------------------
   Overall     1213    7427   10826    14.04   10.08   11.73
----------
        A0      481    1737    2206    21.69   17.90   19.61
        A1      553    3951    4039    12.28   12.04   12.16
        A2       85     505    1029    14.41    7.63    9.98
        A3        4      52     124     7.14    3.12    4.35
        A4        1      50      98     1.96    1.01    1.33
        A5        0       0       1     0.00    0.00    0.00
    AM-ADV        1      58     330     1.69    0.30    0.51
    AM-CAU        2      78     131     2.50    1.50    1.88
    AM-DIR        0       0      11     0.00    0.00    0.00
    AM-DIS        5      25     263    16.67    1.87    3.36
    AM-EXT        0       1      72     0.00    0.00    0.00
    AM-LOC       31     364     597     7.85    4.94    6.06
    AM-MED        0       1       3     0.00    0.00    0.00
    AM-MNR        2      98     359     2.00    0.55    0.87
    AM-NEG        2       3     282    40.00    0.70    1.38
    AM-PNC       11      85     129    11.46    7.86    9.32
    AM-PRD        7      69     153     9.21    4.38    5.93
    AM-REC        0       0       8     0.00    0.00    0.00
    AM-TMP       28     350     991     7.41    2.75    4.01
------------------------------------------------------------
         V     1131    2396    3968    32.07   22.18   26.22
------------------------------------------------------------
