Number of Sentences    :        2878
Number of Propositions :        5099
Percentage of perfect props :   0.00

              corr.  excess  missed    prec.    rec.      F1
------------------------------------------------------------
   Overall       11   33665   12028     0.03    0.09    0.05
----------
        A0        0       6    2687     0.00    0.00    0.00
        A1        1     307    4591     0.32    0.02    0.04
        A2        0      20    1114     0.00    0.00    0.00
        A3        0    4853     128     0.00    0.00    0.00
        A4        0       1      99     0.00    0.00    0.00
        A5        0       1       1     0.00    0.00    0.00
    AM-ADV       10   15552     321     0.06    3.02    0.13
    AM-CAU        0      72     133     0.00    0.00    0.00
    AM-DIR        0       0      11     0.00    0.00    0.00
    AM-DIS        0    1582     268     0.00    0.00    0.00
    AM-EXT        0    2925      72     0.00    0.00    0.00
    AM-LOC        0     148     628     0.00    0.00    0.00
    AM-MED        0     147       3     0.00    0.00    0.00
    AM-MNR        0     361     361     0.00    0.00    0.00
    AM-NEG        0     875     284     0.00    0.00    0.00
    AM-PNC        0      26     140     0.00    0.00    0.00
    AM-PRD        0    5089     160     0.00    0.00    0.00
    AM-REC        0       2       8     0.00    0.00    0.00
    AM-TMP        0    1698    1019     0.00    0.00    0.00
------------------------------------------------------------
         V        0       7    5099     0.00    0.00    0.00
------------------------------------------------------------
