Number of Sentences    :        2878
Number of Propositions :        5099
Percentage of perfect props :   0.00

              corr.  excess  missed    prec.    rec.      F1
------------------------------------------------------------
   Overall      169   50605   11870     0.33    1.40    0.54
----------
        A0        1       9    2686    10.00    0.04    0.07
        A1      167    8037    4425     2.04    3.64    2.61
        A2        0       3    1114     0.00    0.00    0.00
        A3        0       5     128     0.00    0.00    0.00
        A4        0    5124      99     0.00    0.00    0.00
        A5        0       0       1     0.00    0.00    0.00
    AM-ADV        0       3     331     0.00    0.00    0.00
    AM-CAU        0    4907     133     0.00    0.00    0.00
    AM-DIR        0       1      11     0.00    0.00    0.00
    AM-DIS        0       0     268     0.00    0.00    0.00
    AM-EXT        0      86      72     0.00    0.00    0.00
    AM-LOC        0     145     628     0.00    0.00    0.00
    AM-MED        0       5       3     0.00    0.00    0.00
    AM-MNR        0       0     361     0.00    0.00    0.00
    AM-NEG        0      19     284     0.00    0.00    0.00
    AM-PNC        1   32255     139     0.00    0.71    0.01
    AM-PRD        0       0     160     0.00    0.00    0.00
    AM-REC        0       0       8     0.00    0.00    0.00
    AM-TMP        0       6    1019     0.00    0.00    0.00
------------------------------------------------------------
         V        0    4487    5099     0.00    0.00    0.00
------------------------------------------------------------
