Number of Sentences    :        2878
Number of Propositions :        5099
Percentage of perfect props :   0.00

              corr.  excess  missed    prec.    rec.      F1
------------------------------------------------------------
   Overall      237   19708   11802     1.19    1.97    1.48
----------
        A0        0     245    2687     0.00    0.00    0.00
        A1        1     266    4591     0.37    0.02    0.04
        A2       23    4540    1091     0.50    2.06    0.81
        A3       50     142      78    26.04   39.06   31.25
        A4        0      95      99     0.00    0.00    0.00
        A5        0       6       1     0.00    0.00    0.00
    AM-ADV      161     243     170    39.85   48.64   43.81
    AM-CAU        0      14     133     0.00    0.00    0.00
    AM-DIR        0      24      11     0.00    0.00    0.00
    AM-DIS        0    4954     268     0.00    0.00    0.00
    AM-EXT        2    1685      70     0.12    2.78    0.23
    AM-LOC        0       5     628     0.00    0.00    0.00
    AM-MED        0     227       3     0.00    0.00    0.00
    AM-MNR        0     147     361     0.00    0.00    0.00
    AM-NEG        0     962     284     0.00    0.00    0.00
    AM-PNC        0    5995     140     0.00    0.00    0.00
    AM-PRD        0       1     160     0.00    0.00    0.00
    AM-REC        0     153       8     0.00    0.00    0.00
    AM-TMP        0       4    1019     0.00    0.00    0.00
------------------------------------------------------------
         V        0     768    5099     0.00    0.00    0.00
------------------------------------------------------------
