Number of Sentences    :        2878
Number of Propositions :        5099
Percentage of perfect props :   0.00

              corr.  excess  missed    prec.    rec.      F1
------------------------------------------------------------
   Overall        0   22617   12039     0.00    0.00    0.00
----------
        A0        0     325    2687     0.00    0.00    0.00
        A1        0     174    4592     0.00    0.00    0.00
        A2        0       1    1114     0.00    0.00    0.00
        A3        0    1208     128     0.00    0.00    0.00
        A4        0     266      99     0.00    0.00    0.00
        A5        0     609       1     0.00    0.00    0.00
    AM-ADV        0    1068     331     0.00    0.00    0.00
    AM-CAU        0     285     133     0.00    0.00    0.00
    AM-DIR        0       1      11     0.00    0.00    0.00
    AM-DIS        0       4     268     0.00    0.00    0.00
    AM-EXT        0    5110      72     0.00    0.00    0.00
    AM-LOC        0     139     628     0.00    0.00    0.00
    AM-MED        0       4       3     0.00    0.00    0.00
    AM-MNR        0     163     361     0.00    0.00    0.00
    AM-NEG        0     415     284     0.00    0.00    0.00
    AM-PNC        0     148     140     0.00    0.00    0.00
    AM-PRD        0   10017     160     0.00    0.00    0.00
    AM-REC        0    2673       8     0.00    0.00    0.00
    AM-TMP        0       7    1019     0.00    0.00    0.00
------------------------------------------------------------
         V        0    4577    5099     0.00    0.00    0.00
------------------------------------------------------------
