Number of Sentences    :        2878
Number of Propositions :        5099
Percentage of perfect props :   0.00

              corr.  excess  missed    prec.    rec.      F1
------------------------------------------------------------
   Overall       77   79939   11962     0.10    0.64    0.17
----------
        A0        0       5    2687     0.00    0.00    0.00
        A1        0       9    4592     0.00    0.00    0.00
        A2       26   12514    1088     0.21    2.33    0.38
        A3        0       7     128     0.00    0.00    0.00
        A4        0       0      99     0.00    0.00    0.00
        A5        0       0       1     0.00    0.00    0.00
    AM-ADV       48   30005     283     0.16   14.50    0.32
    AM-CAU        3   30527     130     0.01    2.26    0.02
    AM-DIR        0       0      11     0.00    0.00    0.00
    AM-DIS        0      49     268     0.00    0.00    0.00
    AM-EXT        0      39      72     0.00    0.00    0.00
    AM-LOC        0    1394     628     0.00    0.00    0.00
    AM-MED        0     253       3     0.00    0.00    0.00
    AM-MNR        0       2     361     0.00    0.00    0.00
    AM-NEG        0      14     284     0.00    0.00    0.00
    AM-PNC        0       2     140     0.00    0.00    0.00
    AM-PRD        0    5099     160     0.00    0.00    0.00
    AM-REC        0       0       8     0.00    0.00    0.00
    AM-TMP        0      20    1019     0.00    0.00    0.00
------------------------------------------------------------
         V        0      53    5099     0.00    0.00    0.00
------------------------------------------------------------
