Number of Sentences    :        5099
Number of Propositions :        5099
Percentage of perfect props :  29.01

              corr.  excess  missed    prec.    rec.      F1
------------------------------------------------------------
   Overall     5040    5022    6999    50.09   41.86   45.61
----------
        A0     1762    1529     925    53.54   65.57   58.95
        A1     2779    2432    1813    53.33   60.52   56.70
        A2      188     494     926    27.57   16.88   20.94
        A3        0       1     128     0.00    0.00    0.00
        A4        0       1      99     0.00    0.00    0.00
        A5        0       0       1     0.00    0.00    0.00
    AM-ADV        4      10     327    28.57    1.21    2.32
    AM-CAU        0       1     133     0.00    0.00    0.00
    AM-DIR        0       0      11     0.00    0.00    0.00
    AM-DIS        0       0     268     0.00    0.00    0.00
    AM-EXT        0       1      72     0.00    0.00    0.00
    AM-LOC      140     213     488    39.66   22.29   28.54
    AM-MED        0       0       3     0.00    0.00    0.00
    AM-MNR        0       1     361     0.00    0.00    0.00
    AM-NEG       38      75     246    33.63   13.38   19.14
    AM-PNC        1       1     139    50.00    0.71    1.41
    AM-PRD        2       5     158    28.57    1.25    2.40
    AM-REC        0       0       8     0.00    0.00    0.00
    AM-TMP      126     258     893    32.81   12.37   17.96
------------------------------------------------------------
         V     4917     186     182    96.36   96.43   96.39
------------------------------------------------------------
