Number of Sentences    :        2878
Number of Propositions :        5099
Percentage of perfect props :   0.00

              corr.  excess  missed    prec.    rec.      F1
------------------------------------------------------------
   Overall       26   26687   12013     0.10    0.22    0.13
----------
        A0        0       0    2687     0.00    0.00    0.00
        A1        0     442    4592     0.00    0.00    0.00
        A2       12    1837    1102     0.65    1.08    0.81
        A3        1    3510     127     0.03    0.78    0.05
        A4        8    7678      91     0.10    8.08    0.21
        A5        0    5090       1     0.00    0.00    0.00
    AM-ADV        0     160     331     0.00    0.00    0.00
    AM-CAU        0       1     133     0.00    0.00    0.00
    AM-DIR        0       0      11     0.00    0.00    0.00
    AM-DIS        0       0     268     0.00    0.00    0.00
    AM-EXT        0    1067      72     0.00    0.00    0.00
    AM-LOC        0    4962     628     0.00    0.00    0.00
    AM-MED        0       0       3     0.00    0.00    0.00
    AM-MNR        0       0     361     0.00    0.00    0.00
    AM-NEG        0      32     284     0.00    0.00    0.00
    AM-PNC        1    1440     139     0.07    0.71    0.13
    AM-PRD        0     314     160     0.00    0.00    0.00
    AM-REC        0       0       8     0.00    0.00    0.00
    AM-TMP        4     154    1015     2.53    0.39    0.68
------------------------------------------------------------
         V        0      23    5099     0.00    0.00    0.00
------------------------------------------------------------
