Number of Sentences    :         100
Number of Propositions :         100
Percentage of perfect props :  18.00

              corr.  excess  missed    prec.    rec.      F1
------------------------------------------------------------
   Overall       61      98     169    38.36   26.52   31.36
----------
        A0       24      10      19    70.59   55.81   62.34
        A1       31      66      58    31.96   34.83   33.33
        A2        2       8      24    20.00    7.69   11.11
        A3        0       0       4     0.00    0.00    0.00
        A4        0       0       3     0.00    0.00    0.00
    AM-ADV        0       0       6     0.00    0.00    0.00
    AM-CAU        1       2       2    33.33   33.33   33.33
    AM-DIS        0       0       3     0.00    0.00    0.00
    AM-EXT        0       0       2     0.00    0.00    0.00
    AM-LOC        0       3      10     0.00    0.00    0.00
    AM-MNR        0       0       9     0.00    0.00    0.00
    AM-NEG        0       0       5     0.00    0.00    0.00
    AM-PNC        0       1       2     0.00    0.00    0.00
    AM-PRD        0       0       4     0.00    0.00    0.00
    AM-TMP        3       8      18    27.27   14.29   18.75
------------------------------------------------------------
         V       86      10      14    89.58   86.00   87.76
------------------------------------------------------------
