Number of Sentences    :        2878
Number of Propositions :        5099
Percentage of perfect props :  97.76

              corr.  excess  missed    prec.    rec.      F1
------------------------------------------------------------
   Overall    11860     118     179    99.01   98.51   98.76
----------
        A0     2685       2       2    99.93   99.93   99.93
        A1     4572      18      20    99.61   99.56   99.59
        A2     1102       9      12    99.19   98.92   99.06
        A3      126       1       2    99.21   98.44   98.82
        A4       97       2       2    97.98   97.98   97.98
        A5        1       0       0   100.00  100.00  100.00
    AM-ADV      315      16      16    95.17   95.17   95.17
    AM-CAU      128       6       5    95.52   96.24   95.88
    AM-DIR       11       0       0   100.00  100.00  100.00
    AM-DIS      260       5       8    98.11   97.01   97.56
    AM-EXT       65       0       7   100.00   90.28   94.89
    AM-LOC      590      21      38    96.56   93.95   95.24
    AM-MED        3       0       0   100.00  100.00  100.00
    AM-MNR      349       8      12    97.76   96.68   97.21
    AM-NEG      284       0       0   100.00  100.00  100.00
    AM-PNC      133       3       7    97.79   95.00   96.38
    AM-PRD      155       1       5    99.36   96.88   98.10
    AM-REC        8       0       0   100.00  100.00  100.00
    AM-TMP      976      26      43    97.41   95.78   96.59
------------------------------------------------------------
         V     5094       5       5    99.90   99.90   99.90
------------------------------------------------------------
