Number of Sentences    :        2878
Number of Propositions :        5099
Percentage of perfect props :  98.59

              corr.  excess  missed    prec.    rec.      F1
------------------------------------------------------------
   Overall    11933      60     106    99.50   99.12   99.31
----------
        A0     2687       0       0   100.00  100.00  100.00
        A1     4584       7       8    99.85   99.83   99.84
        A2     1114       0       0   100.00  100.00  100.00
        A3      126       2       2    98.44   98.44   98.44
        A4       99       0       0   100.00  100.00  100.00
        A5        0       0       1     0.00    0.00    0.00
    AM-ADV      327       4       4    98.79   98.79   98.79
    AM-CAU      132       1       1    99.25   99.25   99.25
    AM-DIR       11       0       0   100.00  100.00  100.00
    AM-DIS      267       1       1    99.63   99.63   99.63
    AM-EXT       72       0       0   100.00  100.00  100.00
    AM-LOC      599      15      29    97.56   95.38   96.46
    AM-MED        0       0       3     0.00    0.00    0.00
    AM-MNR      355       4       6    98.89   98.34   98.61
    AM-NEG      282       2       2    99.30   99.30   99.30
    AM-PNC      139       1       1    99.29   99.29   99.29
    AM-PRD      156       3       4    98.11   97.50   97.81
    AM-REC        0       0       8     0.00    0.00    0.00
    AM-TMP      983      20      36    98.01   96.47   97.23
------------------------------------------------------------
         V     5094       5       5    99.90   99.90   99.90
------------------------------------------------------------
