Number of Sentences    :        2878
Number of Propositions :        5099
Percentage of perfect props :   0.00

              corr.  excess  missed    prec.    rec.      F1
------------------------------------------------------------
   Overall        0   23525   12039     0.00    0.00    0.00
----------
        A0        0       1    2687     0.00    0.00    0.00
        A1        0     248    4592     0.00    0.00    0.00
        A2        0     248    1114     0.00    0.00    0.00
        A3        0    4980     128     0.00    0.00    0.00
        A4        0       0      99     0.00    0.00    0.00
        A5        0       4       1     0.00    0.00    0.00
    AM-ADV        0     117     331     0.00    0.00    0.00
    AM-CAU        0     312     133     0.00    0.00    0.00
    AM-DIR        0     124      11     0.00    0.00    0.00
    AM-DIS        0    8745     268     0.00    0.00    0.00
    AM-EXT        0       4      72     0.00    0.00    0.00
    AM-LOC        0    1045     628     0.00    0.00    0.00
    AM-MED        0      80       3     0.00    0.00    0.00
    AM-MNR        0     122     361     0.00    0.00    0.00
    AM-NEG        0       3     284     0.00    0.00    0.00
    AM-PNC        0    6321     140     0.00    0.00    0.00
    AM-PRD        0     276     160     0.00    0.00    0.00
    AM-REC        0     220       8     0.00    0.00    0.00
    AM-TMP        0     675    1019     0.00    0.00    0.00
------------------------------------------------------------
         V        0    3383    5099     0.00    0.00    0.00
------------------------------------------------------------
