Number of Sentences    :        2878
Number of Propositions :        5099
Percentage of perfect props :   2.22

              corr.  excess  missed    prec.    rec.      F1
------------------------------------------------------------
   Overall      634    8043   11405     7.31    5.27    6.12
----------
        A0      305    1874    2382    14.00   11.35   12.54
        A1      285    4023    4307     6.62    6.21    6.40
        A2       23    1248    1091     1.81    2.06    1.93
        A3        0      24     128     0.00    0.00    0.00
        A4        1      78      98     1.27    1.01    1.12
        A5        0       6       1     0.00    0.00    0.00
    AM-ADV        0      45     331     0.00    0.00    0.00
    AM-CAU        0      23     133     0.00    0.00    0.00
    AM-DIR        0       0      11     0.00    0.00    0.00
    AM-DIS        2      24     266     7.69    0.75    1.36
    AM-EXT        0       0      72     0.00    0.00    0.00
    AM-LOC        6     348     622     1.69    0.96    1.22
    AM-MED        0       0       3     0.00    0.00    0.00
    AM-MNR        3      54     358     5.26    0.83    1.44
    AM-NEG        0       0     284     0.00    0.00    0.00
    AM-PNC        1      22     139     4.35    0.71    1.23
    AM-PRD        0      56     160     0.00    0.00    0.00
    AM-REC        0       0       8     0.00    0.00    0.00
    AM-TMP        8     218    1011     3.54    0.79    1.29
------------------------------------------------------------
         V      487    2080    4612    18.97    9.55   12.71
------------------------------------------------------------
