Number of Sentences    :        2878
Number of Propositions :        5099
Percentage of perfect props :   0.00

              corr.  excess  missed    prec.    rec.      F1
------------------------------------------------------------
   Overall       20   36612   12019     0.05    0.17    0.08
----------
        A0        0       6    2687     0.00    0.00    0.00
        A1        1     189    4591     0.53    0.02    0.04
        A2        0      11    1114     0.00    0.00    0.00
        A3        0    4897     128     0.00    0.00    0.00
        A4        0       1      99     0.00    0.00    0.00
        A5        0       1       1     0.00    0.00    0.00
    AM-ADV       16   18090     315     0.09    4.83    0.17
    AM-CAU        0      53     133     0.00    0.00    0.00
    AM-DIR        0       0      11     0.00    0.00    0.00
    AM-DIS        0    1537     268     0.00    0.00    0.00
    AM-EXT        0    2731      72     0.00    0.00    0.00
    AM-LOC        0     140     628     0.00    0.00    0.00
    AM-MED        0     136       3     0.00    0.00    0.00
    AM-MNR        1     287     360     0.35    0.28    0.31
    AM-NEG        2    1019     282     0.20    0.70    0.31
    AM-PNC        0      25     140     0.00    0.00    0.00
    AM-PRD        0    5086     160     0.00    0.00    0.00
    AM-REC        0       0       8     0.00    0.00    0.00
    AM-TMP        0    2403    1019     0.00    0.00    0.00
------------------------------------------------------------
         V        0       4    5099     0.00    0.00    0.00
------------------------------------------------------------
