Number of Sentences    :        2878
Number of Propositions :        5099
Percentage of perfect props :   0.00

              corr.  excess  missed    prec.    rec.      F1
------------------------------------------------------------
   Overall      143   17458   11896     0.81    1.19    0.96
----------
        A0      123    6246    2564     1.93    4.58    2.72
        A1        0       0    4592     0.00    0.00    0.00
        A2        2      22    1112     8.33    0.18    0.35
        A3        0       1     128     0.00    0.00    0.00
        A4        0       0      99     0.00    0.00    0.00
        A5        0       2       1     0.00    0.00    0.00
    AM-ADV        0       1     331     0.00    0.00    0.00
    AM-CAU        1     139     132     0.71    0.75    0.73
    AM-DIR        0       0      11     0.00    0.00    0.00
    AM-DIS        0    5110     268     0.00    0.00    0.00
    AM-EXT        1     476      71     0.21    1.39    0.36
    AM-LOC        0      50     628     0.00    0.00    0.00
    AM-MED        0      96       3     0.00    0.00    0.00
    AM-MNR        0      24     361     0.00    0.00    0.00
    AM-NEG        0     440     284     0.00    0.00    0.00
    AM-PNC       11      59     129    15.71    7.86   10.48
    AM-PRD        5    4792     155     0.10    3.12    0.20
    AM-REC        0       0       8     0.00    0.00    0.00
    AM-TMP        0       0    1019     0.00    0.00    0.00
------------------------------------------------------------
         V        0      15    5099     0.00    0.00    0.00
------------------------------------------------------------
