Number of Sentences    :        2878
Number of Propositions :        5099
Percentage of perfect props :   0.00

              corr.  excess  missed    prec.    rec.      F1
------------------------------------------------------------
   Overall      650   27857   11389     2.28    5.40    3.21
----------
        A0        0       2    2687     0.00    0.00    0.00
        A1        0      13    4592     0.00    0.00    0.00
        A2        0      13    1114     0.00    0.00    0.00
        A3        0     329     128     0.00    0.00    0.00
        A4        0       0      99     0.00    0.00    0.00
        A5        0   12341       1     0.00    0.00    0.00
    AM-ADV        3    5896     328     0.05    0.91    0.10
    AM-CAU        0       0     133     0.00    0.00    0.00
    AM-DIR        0    5095      11     0.00    0.00    0.00
    AM-DIS        0     385     268     0.00    0.00    0.00
    AM-EXT        0     847      72     0.00    0.00    0.00
    AM-LOC        0      35     628     0.00    0.00    0.00
    AM-MED        0       0       3     0.00    0.00    0.00
    AM-MNR       64     602     297     9.61   17.73   12.46
    AM-NEG        0    1124     284     0.00    0.00    0.00
    AM-PNC        1      97     139     1.02    0.71    0.84
    AM-PRD        0       0     160     0.00    0.00    0.00
    AM-REC        0       0       8     0.00    0.00    0.00
    AM-TMP      582    1078     437    35.06   57.11   43.45
------------------------------------------------------------
         V        0      68    5099     0.00    0.00    0.00
------------------------------------------------------------
