Number of Sentences    :        2878
Number of Propositions :        5099
Percentage of perfect props :   0.00

              corr.  excess  missed    prec.    rec.      F1
------------------------------------------------------------
   Overall      933   26638   11106     3.38    7.75    4.71
----------
        A0        0      35    2687     0.00    0.00    0.00
        A1        0      71    4592     0.00    0.00    0.00
        A2        0      62    1114     0.00    0.00    0.00
        A3        0     478     128     0.00    0.00    0.00
        A4        0       6      99     0.00    0.00    0.00
        A5        0   11492       1     0.00    0.00    0.00
    AM-ADV        2    5642     329     0.04    0.60    0.07
    AM-CAU        0      17     133     0.00    0.00    0.00
    AM-DIR        0    5098      11     0.00    0.00    0.00
    AM-DIS        1     436     267     0.23    0.37    0.28
    AM-EXT        0     744      72     0.00    0.00    0.00
    AM-LOC        0     148     628     0.00    0.00    0.00
    AM-MED        0       2       3     0.00    0.00    0.00
    AM-MNR      178     591     183    23.15   49.31   31.50
    AM-NEG        0    1096     284     0.00    0.00    0.00
    AM-PNC        1     158     139     0.63    0.71    0.67
    AM-PRD        0      14     160     0.00    0.00    0.00
    AM-REC        0       0       8     0.00    0.00    0.00
    AM-TMP      751     548     268    57.81   73.70   64.80
------------------------------------------------------------
         V        0     121    5099     0.00    0.00    0.00
------------------------------------------------------------
