Number of Sentences    :        5099
Number of Propositions :        5099
Percentage of perfect props :  55.68

              corr.  excess  missed    prec.    rec.      F1
------------------------------------------------------------
   Overall     8622    2386    3417    78.32   71.62   74.82
----------
        A0     2435     235     252    91.20   90.62   90.91
        A1     3940     859     652    82.10   85.80   83.91
        A2      659     476     455    58.06   59.16   58.60
        A3       10       9     118    52.63    7.81   13.61
        A4       10      15      89    40.00   10.10   16.13
        A5        0       0       1     0.00    0.00    0.00
    AM-ADV      151     111     180    57.63   45.62   50.93
    AM-CAU       36      32      97    52.94   27.07   35.82
    AM-DIR        0       3      11     0.00    0.00    0.00
    AM-DIS      158     126     110    55.63   58.96   57.25
    AM-EXT       16      19      56    45.71   22.22   29.91
    AM-LOC      308      60     320    83.70   49.04   61.85
    AM-MED        0       1       3     0.00    0.00    0.00
    AM-MNR      111     141     250    44.05   30.75   36.22
    AM-NEG      253      82      31    75.52   89.08   81.74
    AM-PNC       33      34     107    49.25   23.57   31.88
    AM-PRD       26      16     134    61.90   16.25   25.74
    AM-REC        1       0       7   100.00   12.50   22.22
    AM-TMP      475     167     544    73.99   46.61   57.19
------------------------------------------------------------
         V     4950     155     149    96.96   97.08   97.02
------------------------------------------------------------
