Number of Sentences    :        2878
Number of Propositions :        5099
Percentage of perfect props :   0.00

              corr.  excess  missed    prec.    rec.      F1
------------------------------------------------------------
   Overall       21   33907   12018     0.06    0.17    0.09
----------
        A0        0       0    2687     0.00    0.00    0.00
        A1        0       0    4592     0.00    0.00    0.00
        A2        0       2    1114     0.00    0.00    0.00
        A3        1    4550     127     0.02    0.78    0.04
        A4        0       1      99     0.00    0.00    0.00
        A5        0       0       1     0.00    0.00    0.00
    AM-ADV       20   23632     311     0.08    6.04    0.17
    AM-CAU        0       9     133     0.00    0.00    0.00
    AM-DIR        0       0      11     0.00    0.00    0.00
    AM-DIS        0     492     268     0.00    0.00    0.00
    AM-EXT        0     122      72     0.00    0.00    0.00
    AM-LOC        0       0     628     0.00    0.00    0.00
    AM-MED        0      44       3     0.00    0.00    0.00
    AM-MNR        0       0     361     0.00    0.00    0.00
    AM-NEG        0       0     284     0.00    0.00    0.00
    AM-PNC        0       0     140     0.00    0.00    0.00
    AM-PRD        0    5055     160     0.00    0.00    0.00
    AM-REC        0       0       8     0.00    0.00    0.00
    AM-TMP        0       0    1019     0.00    0.00    0.00
------------------------------------------------------------
         V        0       3    5099     0.00    0.00    0.00
------------------------------------------------------------
