Number of Sentences    :        2878
Number of Propositions :        5099
Percentage of perfect props :  12.71

              corr.  excess  missed    prec.    rec.      F1
------------------------------------------------------------
   Overall     5001   17185    7038    22.54   41.54   29.22
----------
        A0     1610    2507    1077    39.11   59.92   47.33
        A1     1897    8918    2695    17.54   41.31   24.63
        A2      202    1943     912     9.42   18.13   12.40
        A3       20     187     108     9.66   15.62   11.94
        A4       39     130      60    23.08   39.39   29.10
        A5        1       0       0   100.00  100.00  100.00
    AM-ADV      183     252     148    42.07   55.29   47.78
    AM-CAU        3     266     130     1.12    2.26    1.49
    AM-DIR        7       8       4    46.67   63.64   53.85
    AM-DIS      171     203      97    45.72   63.81   53.27
    AM-EXT       57      36      15    61.29   79.17   69.09
    AM-LOC       46     619     582     6.92    7.32    7.12
    AM-MED        1       6       2    14.29   33.33   20.00
    AM-MNR       91     339     270    21.16   25.21   23.01
    AM-NEG      283       1       1    99.65   99.65   99.65
    AM-PNC        9     311     131     2.81    6.43    3.91
    AM-PRD        6     189     154     3.08    3.75    3.38
    AM-REC        8       0       0   100.00  100.00  100.00
    AM-TMP      367    1270     652    22.42   36.02   27.64
------------------------------------------------------------
         V     5086      11      13    99.78   99.75   99.76
------------------------------------------------------------
