Number of Sentences    :        2878
Number of Propositions :        5099
Percentage of perfect props :  55.21

              corr.  excess  missed    prec.    rec.      F1
------------------------------------------------------------
   Overall     8303    2707    3736    75.41   68.97   72.05
----------
        A0     2231     379     456    85.48   83.03   84.24
        A1     3756     808     836    82.30   81.79   82.04
        A2      629     428     485    59.51   56.46   57.95
        A3       35      29      93    54.69   27.34   36.46
        A4       39      22      60    63.93   39.39   48.75
        A5        1       0       0   100.00  100.00  100.00
    AM-ADV      134     109     197    55.14   40.48   46.69
    AM-CAU       59      39      74    60.20   44.36   51.08
    AM-DIR        1       1      10    50.00    9.09   15.38
    AM-DIS       83      42     185    66.40   30.97   42.24
    AM-EXT        3       4      69    42.86    4.17    7.59
    AM-LOC      296     198     332    59.92   47.13   52.76
    AM-MED        2       0       1   100.00   66.67   80.00
    AM-MNR       93      70     268    57.06   25.76   35.50
    AM-NEG      259      61      25    80.94   91.20   85.76
    AM-PNC       40      39     100    50.63   28.57   36.53
    AM-PRD       53      38     107    58.24   33.12   42.23
    AM-REC        0       1       8     0.00    0.00    0.00
    AM-TMP      589     439     430    57.30   57.80   57.55
------------------------------------------------------------
         V     5018      84      81    98.35   98.41   98.38
------------------------------------------------------------
