Number of Sentences    :        2878
Number of Propositions :        5099
Percentage of perfect props :   0.00

              corr.  excess  missed    prec.    rec.      F1
------------------------------------------------------------
   Overall      160   19829   11879     0.80    1.33    1.00
----------
        A0        1     110    2686     0.90    0.04    0.07
        A1        1     184    4591     0.54    0.02    0.04
        A2       63    4572    1051     1.36    5.66    2.19
        A3        5      67     123     6.94    3.91    5.00
        A4        0      17      99     0.00    0.00    0.00
        A5        0       0       1     0.00    0.00    0.00
    AM-ADV       83     188     248    30.63   25.08   27.57
    AM-CAU        0       0     133     0.00    0.00    0.00
    AM-DIR        0       1      11     0.00    0.00    0.00
    AM-DIS        0    4955     268     0.00    0.00    0.00
    AM-EXT        5    1834      67     0.27    6.94    0.52
    AM-LOC        0       3     628     0.00    0.00    0.00
    AM-MED        0     227       3     0.00    0.00    0.00
    AM-MNR        2      88     359     2.22    0.55    0.89
    AM-NEG        0    1252     284     0.00    0.00    0.00
    AM-PNC        0    6233     140     0.00    0.00    0.00
    AM-PRD        0       0     160     0.00    0.00    0.00
    AM-REC        0      98       8     0.00    0.00    0.00
    AM-TMP        0       0    1019     0.00    0.00    0.00
------------------------------------------------------------
         V        0     680    5099     0.00    0.00    0.00
------------------------------------------------------------
