Number of Sentences    :        2878
Number of Propositions :        5099
Percentage of perfect props :   0.00

              corr.  excess  missed    prec.    rec.      F1
------------------------------------------------------------
   Overall       28   36881   12011     0.08    0.23    0.11
----------
        A0        0       0    2687     0.00    0.00    0.00
        A1        0      85    4592     0.00    0.00    0.00
        A2        0       3    1114     0.00    0.00    0.00
        A3        0    4979     128     0.00    0.00    0.00
        A4        0       0      99     0.00    0.00    0.00
        A5        0       0       1     0.00    0.00    0.00
    AM-ADV       27   19594     304     0.14    8.16    0.27
    AM-CAU        0      38     133     0.00    0.00    0.00
    AM-DIR        0       0      11     0.00    0.00    0.00
    AM-DIS        0    1365     268     0.00    0.00    0.00
    AM-EXT        0    3272      72     0.00    0.00    0.00
    AM-LOC        0      68     628     0.00    0.00    0.00
    AM-MED        0     105       3     0.00    0.00    0.00
    AM-MNR        0     155     361     0.00    0.00    0.00
    AM-NEG        1     820     283     0.12    0.35    0.18
    AM-PNC        0       2     140     0.00    0.00    0.00
    AM-PRD        0    5045     160     0.00    0.00    0.00
    AM-REC        0       0       8     0.00    0.00    0.00
    AM-TMP        0    1350    1019     0.00    0.00    0.00
------------------------------------------------------------
         V        0       0    5099     0.00    0.00    0.00
------------------------------------------------------------
