Number of Sentences    :        2878
Number of Propositions :        5099
Percentage of perfect props :  98.12

              corr.  excess  missed    prec.    rec.      F1
------------------------------------------------------------
   Overall    11880     102     159    99.15   98.68   98.91
----------
        A0     2684       3       3    99.89   99.89   99.89
        A1     4570      21      22    99.54   99.52   99.53
        A2     1100       9      14    99.19   98.74   98.97
        A3      125       1       3    99.21   97.66   98.43
        A4       97       1       2    98.98   97.98   98.48
        A5        1       0       0   100.00  100.00  100.00
    AM-ADV      320       9      11    97.26   96.68   96.97
    AM-CAU      129       4       4    96.99   96.99   96.99
    AM-DIR       11       0       0   100.00  100.00  100.00
    AM-DIS      262       5       6    98.13   97.76   97.94
    AM-EXT       71       1       1    98.61   98.61   98.61
    AM-LOC      593      18      35    97.05   94.43   95.72
    AM-MED        3       0       0   100.00  100.00  100.00
    AM-MNR      352       3       9    99.15   97.51   98.32
    AM-NEG      284       0       0   100.00  100.00  100.00
    AM-PNC      137       2       3    98.56   97.86   98.21
    AM-PRD      157       1       3    99.37   98.12   98.74
    AM-REC        8       0       0   100.00  100.00  100.00
    AM-TMP      976      24      43    97.60   95.78   96.68
------------------------------------------------------------
         V     5093       7       6    99.86   99.88   99.87
------------------------------------------------------------
