Number of Sentences    :        5099
Number of Propositions :        5099
Percentage of perfect props :  28.36

              corr.  excess  missed    prec.    rec.      F1
------------------------------------------------------------
   Overall     4522    4262    7517    51.48   37.56   43.43
----------
        A0     1501     732    1186    67.22   55.86   61.02
        A1     2504    2255    2088    52.62   54.53   53.56
        A2      221     369     893    37.46   19.84   25.94
        A3        1       3     127    25.00    0.78    1.52
        A4        0       3      99     0.00    0.00    0.00
        A5        0       0       1     0.00    0.00    0.00
    AM-ADV       10      42     321    19.23    3.02    5.22
    AM-CAU        5      17     128    22.73    3.76    6.45
    AM-DIR        0       0      11     0.00    0.00    0.00
    AM-DIS       11      28     257    28.21    4.10    7.17
    AM-EXT        0       0      72     0.00    0.00    0.00
    AM-LOC       83     291     545    22.19   13.22   16.57
    AM-MED        0       0       3     0.00    0.00    0.00
    AM-MNR        3      51     358     5.56    0.83    1.45
    AM-NEG        0       0     284     0.00    0.00    0.00
    AM-PNC        2      42     138     4.55    1.43    2.17
    AM-PRD       21      66     139    24.14   13.12   17.00
    AM-REC        0       0       8     0.00    0.00    0.00
    AM-TMP      160     363     859    30.59   15.70   20.75
------------------------------------------------------------
         V     4859     239     240    95.31   95.29   95.30
------------------------------------------------------------
