Number of Sentences    :        2878
Number of Propositions :        5099
Percentage of perfect props :   0.00

              corr.  excess  missed    prec.    rec.      F1
------------------------------------------------------------
   Overall       19   33318   12020     0.06    0.16    0.08
----------
        A0        0       3    2687     0.00    0.00    0.00
        A1        0     193    4592     0.00    0.00    0.00
        A2        0      13    1114     0.00    0.00    0.00
        A3        0    4802     128     0.00    0.00    0.00
        A4        0       1      99     0.00    0.00    0.00
        A5        0       1       1     0.00    0.00    0.00
    AM-ADV       17   15920     314     0.11    5.14    0.21
    AM-CAU        0      57     133     0.00    0.00    0.00
    AM-DIR        0       0      11     0.00    0.00    0.00
    AM-DIS        0    1413     268     0.00    0.00    0.00
    AM-EXT        0    2966      72     0.00    0.00    0.00
    AM-LOC        0     122     628     0.00    0.00    0.00
    AM-MED        0     138       3     0.00    0.00    0.00
    AM-MNR        0     220     361     0.00    0.00    0.00
    AM-NEG        2     793     282     0.25    0.70    0.37
    AM-PNC        0       6     140     0.00    0.00    0.00
    AM-PRD        0    5069     160     0.00    0.00    0.00
    AM-REC        0       0       8     0.00    0.00    0.00
    AM-TMP        0    1601    1019     0.00    0.00    0.00
------------------------------------------------------------
         V        0       4    5099     0.00    0.00    0.00
------------------------------------------------------------
