Number of Sentences    :        2878
Number of Propositions :        5099
Percentage of perfect props :   1.35

              corr.  excess  missed    prec.    rec.      F1
------------------------------------------------------------
   Overall      275    5296   11764     4.94    2.28    3.12
----------
        A0       99     799    2588    11.02    3.68    5.52
        A1      176    4471    4416     3.79    3.83    3.81
        A2        0       0    1114     0.00    0.00    0.00
        A3        0       0     128     0.00    0.00    0.00
        A4        0       0      99     0.00    0.00    0.00
        A5        0       0       1     0.00    0.00    0.00
    AM-ADV        0       0     331     0.00    0.00    0.00
    AM-CAU        0       0     133     0.00    0.00    0.00
    AM-DIR        0       0      11     0.00    0.00    0.00
    AM-DIS        0       0     268     0.00    0.00    0.00
    AM-EXT        0       0      72     0.00    0.00    0.00
    AM-LOC        0       0     628     0.00    0.00    0.00
    AM-MED        0       0       3     0.00    0.00    0.00
    AM-MNR        0       0     361     0.00    0.00    0.00
    AM-NEG        0       0     284     0.00    0.00    0.00
    AM-PNC        0       0     140     0.00    0.00    0.00
    AM-PRD        0       0     160     0.00    0.00    0.00
    AM-REC        0       0       8     0.00    0.00    0.00
    AM-TMP        0      26    1019     0.00    0.00    0.00
------------------------------------------------------------
         V      830    1673    4269    33.16   16.28   21.84
------------------------------------------------------------
