Number of Sentences    :        2878
Number of Propositions :        5099
Percentage of perfect props :  98.23

              corr.  excess  missed    prec.    rec.      F1
------------------------------------------------------------
   Overall    11896      92     143    99.23   98.81   99.02
----------
        A0     2675      10      12    99.63   99.55   99.59
        A1     4563      24      29    99.48   99.37   99.42
        A2     1100       6      14    99.46   98.74   99.10
        A3      128       0       0   100.00  100.00  100.00
        A4       99       0       0   100.00  100.00  100.00
        A5        1       0       0   100.00  100.00  100.00
    AM-ADV      326       5       5    98.49   98.49   98.49
    AM-CAU      132       1       1    99.25   99.25   99.25
    AM-DIR       11       0       0   100.00  100.00  100.00
    AM-DIS      268       0       0   100.00  100.00  100.00
    AM-EXT       72       0       0   100.00  100.00  100.00
    AM-LOC      597      15      31    97.55   95.06   96.29
    AM-MED        3       0       0   100.00  100.00  100.00
    AM-MNR      354       4       7    98.88   98.06   98.47
    AM-NEG      284       0       0   100.00  100.00  100.00
    AM-PNC      139       1       1    99.29   99.29   99.29
    AM-PRD      158       1       2    99.37   98.75   99.06
    AM-REC        8       0       0   100.00  100.00  100.00
    AM-TMP      978      25      41    97.51   95.98   96.74
------------------------------------------------------------
         V     5091       9       8    99.82   99.84   99.83
------------------------------------------------------------
