Number of Sentences    :        2878
Number of Propositions :        5099
Percentage of perfect props :   0.00

              corr.  excess  missed    prec.    rec.      F1
------------------------------------------------------------
   Overall      431   18161   11608     2.32    3.58    2.81
----------
        A0        0     164    2687     0.00    0.00    0.00
        A1        0     264    4592     0.00    0.00    0.00
        A2        0    4533    1114     0.00    0.00    0.00
        A3      125      10       3    92.59   97.66   95.06
        A4        0      66      99     0.00    0.00    0.00
        A5        0       4       1     0.00    0.00    0.00
    AM-ADV      306      90      25    77.27   92.45   84.18
    AM-CAU        0      14     133     0.00    0.00    0.00
    AM-DIR        0      16      11     0.00    0.00    0.00
    AM-DIS        0    4950     268     0.00    0.00    0.00
    AM-EXT        0    1240      72     0.00    0.00    0.00
    AM-LOC        0       4     628     0.00    0.00    0.00
    AM-MED        0     142       3     0.00    0.00    0.00
    AM-MNR        0     139     361     0.00    0.00    0.00
    AM-NEG        0     617     284     0.00    0.00    0.00
    AM-PNC        0    5728     140     0.00    0.00    0.00
    AM-PRD        0       3     160     0.00    0.00    0.00
    AM-REC        0     172       8     0.00    0.00    0.00
    AM-TMP        0       5    1019     0.00    0.00    0.00
------------------------------------------------------------
         V        0     648    5099     0.00    0.00    0.00
------------------------------------------------------------
