Number of Sentences    :        2878
Number of Propositions :        5099
Percentage of perfect props :  41.48

              corr.  excess  missed    prec.    rec.      F1
------------------------------------------------------------
   Overall     6878    4134    5161    62.46   57.13   59.68
----------
        A0     1732     800     955    68.40   64.46   66.37
        A1     3047    1483    1545    67.26   66.35   66.81
        A2      496     336     618    59.62   44.52   50.98
        A3       47      36      81    56.63   36.72   44.55
        A4       52      41      47    55.91   52.53   54.17
        A5        1       0       0   100.00  100.00  100.00
    AM-ADV      116     152     215    43.28   35.05   38.73
    AM-CAU       79      56      54    58.52   59.40   58.96
    AM-DIR        7       4       4    63.64   63.64   63.64
    AM-DIS      102      42     166    70.83   38.06   49.51
    AM-EXT       20      27      52    42.55   27.78   33.61
    AM-LOC      275     203     353    57.53   43.79   49.73
    AM-MED        1       1       2    50.00   33.33   40.00
    AM-MNR      113     142     248    44.31   31.30   36.69
    AM-NEG      190      67      94    73.93   66.90   70.24
    AM-PNC       86      61      54    58.50   61.43   59.93
    AM-PRD       75      68      85    52.45   46.88   49.50
    AM-REC        0       0       8     0.00    0.00    0.00
    AM-TMP      439     615     580    41.65   43.08   42.35
------------------------------------------------------------
         V     4855     231     244    95.46   95.21   95.34
------------------------------------------------------------
