Number of Sentences    :        2878
Number of Propositions :        5099
Percentage of perfect props :   0.00

              corr.  excess  missed    prec.    rec.      F1
------------------------------------------------------------
   Overall        1   30386   12038     0.00    0.01    0.00
----------
        A0        0       0    2687     0.00    0.00    0.00
        A1        0       0    4592     0.00    0.00    0.00
        A2        0       0    1114     0.00    0.00    0.00
        A3        0       0     128     0.00    0.00    0.00
        A4        0    5099      99     0.00    0.00    0.00
        A5        0       0       1     0.00    0.00    0.00
    AM-ADV        0       0     331     0.00    0.00    0.00
    AM-CAU        0    4045     133     0.00    0.00    0.00
    AM-DIR        0       0      11     0.00    0.00    0.00
    AM-DIS        0       0     268     0.00    0.00    0.00
    AM-EXT        0     314      72     0.00    0.00    0.00
    AM-LOC        0       0     628     0.00    0.00    0.00
    AM-MED        0       0       3     0.00    0.00    0.00
    AM-MNR        0      10     361     0.00    0.00    0.00
    AM-NEG        0       0     284     0.00    0.00    0.00
    AM-PNC        1   20918     139     0.00    0.71    0.01
    AM-PRD        0       0     160     0.00    0.00    0.00
    AM-REC        0       0       8     0.00    0.00    0.00
    AM-TMP        0       0    1019     0.00    0.00    0.00
------------------------------------------------------------
         V        0     709    5099     0.00    0.00    0.00
------------------------------------------------------------
