Number of Sentences    :        2878
Number of Propositions :        5099
Percentage of perfect props :   0.00

              corr.  excess  missed    prec.    rec.      F1
------------------------------------------------------------
   Overall        4   24338   12035     0.02    0.03    0.02
----------
        A0        0       7    2687     0.00    0.00    0.00
        A1        0     459    4592     0.00    0.00    0.00
        A2        0    1234    1114     0.00    0.00    0.00
        A3        1    3059     127     0.03    0.78    0.06
        A4        0    5786      99     0.00    0.00    0.00
        A5        0    5099       1     0.00    0.00    0.00
    AM-ADV        1     387     330     0.26    0.30    0.28
    AM-CAU        0       8     133     0.00    0.00    0.00
    AM-DIR        0       7      11     0.00    0.00    0.00
    AM-DIS        0       8     268     0.00    0.00    0.00
    AM-EXT        0    1102      72     0.00    0.00    0.00
    AM-LOC        0    4953     628     0.00    0.00    0.00
    AM-MED        0       6       3     0.00    0.00    0.00
    AM-MNR        0      22     361     0.00    0.00    0.00
    AM-NEG        0     175     284     0.00    0.00    0.00
    AM-PNC        0    1175     140     0.00    0.00    0.00
    AM-PRD        0     497     160     0.00    0.00    0.00
    AM-REC        0       1       8     0.00    0.00    0.00
    AM-TMP        2     353    1017     0.56    0.20    0.29
------------------------------------------------------------
         V        0     139    5099     0.00    0.00    0.00
------------------------------------------------------------
