Number of Sentences    :        2878
Number of Propositions :        5099
Percentage of perfect props :   0.00

              corr.  excess  missed    prec.    rec.      F1
------------------------------------------------------------
   Overall      410   18424   11629     2.18    3.41    2.66
----------
        A0        0     181    2687     0.00    0.00    0.00
        A1        0     270    4592     0.00    0.00    0.00
        A2        1    4540    1113     0.02    0.09    0.04
        A3      123      32       5    79.35   96.09   86.93
        A4        0      77      99     0.00    0.00    0.00
        A5        0       4       1     0.00    0.00    0.00
    AM-ADV      286     112      45    71.86   86.40   78.46
    AM-CAU        0      18     133     0.00    0.00    0.00
    AM-DIR        0      24      11     0.00    0.00    0.00
    AM-DIS        0    4950     268     0.00    0.00    0.00
    AM-EXT        0    1312      72     0.00    0.00    0.00
    AM-LOC        0       6     628     0.00    0.00    0.00
    AM-MED        0     149       3     0.00    0.00    0.00
    AM-MNR        0     143     361     0.00    0.00    0.00
    AM-NEG        0     652     284     0.00    0.00    0.00
    AM-PNC        0    5771     140     0.00    0.00    0.00
    AM-PRD        0       3     160     0.00    0.00    0.00
    AM-REC        0     173       8     0.00    0.00    0.00
    AM-TMP        0       7    1019     0.00    0.00    0.00
------------------------------------------------------------
         V        0     659    5099     0.00    0.00    0.00
------------------------------------------------------------
