Number of Sentences    :        5099
Number of Propositions :        5099
Percentage of perfect props :   2.51

              corr.  excess  missed    prec.    rec.      F1
------------------------------------------------------------
   Overall      569    6259   11470     8.33    4.73    6.03
----------
        A0      302    1862    2385    13.96   11.24   12.45
        A1      265    3829    4327     6.47    5.77    6.10
        A2        2     532    1112     0.37    0.18    0.24
        A3        0       0     128     0.00    0.00    0.00
        A4        0       0      99     0.00    0.00    0.00
        A5        0       0       1     0.00    0.00    0.00
    AM-ADV        0       0     331     0.00    0.00    0.00
    AM-CAU        0       0     133     0.00    0.00    0.00
    AM-DIR        0       0      11     0.00    0.00    0.00
    AM-DIS        0       0     268     0.00    0.00    0.00
    AM-EXT        0       0      72     0.00    0.00    0.00
    AM-LOC        0       0     628     0.00    0.00    0.00
    AM-MED        0       0       3     0.00    0.00    0.00
    AM-MNR        0       0     361     0.00    0.00    0.00
    AM-NEG        0       0     284     0.00    0.00    0.00
    AM-PNC        0       0     140     0.00    0.00    0.00
    AM-PRD        0       0     160     0.00    0.00    0.00
    AM-REC        0       0       8     0.00    0.00    0.00
    AM-TMP        0      36    1019     0.00    0.00    0.00
------------------------------------------------------------
         V     1205    1833    3894    39.66   23.63   29.62
------------------------------------------------------------
