Number of Sentences    :        2878
Number of Propositions :        5099
Percentage of perfect props :   0.02

              corr.  excess  missed    prec.    rec.      F1
------------------------------------------------------------
   Overall       11   19594   12028     0.06    0.09    0.07
----------
        A0        0       0    2687     0.00    0.00    0.00
        A1        1      23    4591     4.17    0.02    0.04
        A2        0      25    1114     0.00    0.00    0.00
        A3        0     240     128     0.00    0.00    0.00
        A4        0       0      99     0.00    0.00    0.00
        A5        0       2       1     0.00    0.00    0.00
    AM-ADV        0      25     331     0.00    0.00    0.00
    AM-CAU        0       0     133     0.00    0.00    0.00
    AM-DIR        0      40      11     0.00    0.00    0.00
    AM-DIS        8   15095     260     0.05    2.99    0.10
    AM-EXT        0     452      72     0.00    0.00    0.00
    AM-LOC        0       8     628     0.00    0.00    0.00
    AM-MED        0     265       3     0.00    0.00    0.00
    AM-MNR        0       0     361     0.00    0.00    0.00
    AM-NEG        1     660     283     0.15    0.35    0.21
    AM-PNC        0       0     140     0.00    0.00    0.00
    AM-PRD        0    2743     160     0.00    0.00    0.00
    AM-REC        0       2       8     0.00    0.00    0.00
    AM-TMP        1      14    1018     6.67    0.10    0.19
------------------------------------------------------------
         V       44    4377    5055     1.00    0.86    0.92
------------------------------------------------------------
