Number of Sentences    :        2878
Number of Propositions :        5099
Percentage of perfect props :   0.00

              corr.  excess  missed    prec.    rec.      F1
------------------------------------------------------------
   Overall        1   23549   12038     0.00    0.01    0.01
----------
        A0        0       3    2687     0.00    0.00    0.00
        A1        1     340    4591     0.29    0.02    0.04
        A2        0     241    1114     0.00    0.00    0.00
        A3        0    4974     128     0.00    0.00    0.00
        A4        0       1      99     0.00    0.00    0.00
        A5        0       4       1     0.00    0.00    0.00
    AM-ADV        0     170     331     0.00    0.00    0.00
    AM-CAU        0     443     133     0.00    0.00    0.00
    AM-DIR        0     176      11     0.00    0.00    0.00
    AM-DIS        0    7990     268     0.00    0.00    0.00
    AM-EXT        0      20      72     0.00    0.00    0.00
    AM-LOC        0    1065     628     0.00    0.00    0.00
    AM-MED        0     139       3     0.00    0.00    0.00
    AM-MNR        0     226     361     0.00    0.00    0.00
    AM-NEG        0       3     284     0.00    0.00    0.00
    AM-PNC        0    6490     140     0.00    0.00    0.00
    AM-PRD        0     337     160     0.00    0.00    0.00
    AM-REC        0     255       8     0.00    0.00    0.00
    AM-TMP        0     672    1019     0.00    0.00    0.00
------------------------------------------------------------
         V        0    3339    5099     0.00    0.00    0.00
------------------------------------------------------------
