Number of Sentences    :        2878
Number of Propositions :        5099
Percentage of perfect props :   0.00

              corr.  excess  missed    prec.    rec.      F1
------------------------------------------------------------
   Overall      431   18201   11608     2.31    3.58    2.81
----------
        A0        0     166    2687     0.00    0.00    0.00
        A1        0     267    4592     0.00    0.00    0.00
        A2        0    4560    1114     0.00    0.00    0.00
        A3      126      10       2    92.65   98.44   95.45
        A4        0      65      99     0.00    0.00    0.00
        A5        0       4       1     0.00    0.00    0.00
    AM-ADV      305      88      26    77.61   92.15   84.25
    AM-CAU        0      14     133     0.00    0.00    0.00
    AM-DIR        0      16      11     0.00    0.00    0.00
    AM-DIS        0    4949     268     0.00    0.00    0.00
    AM-EXT        0    1248      72     0.00    0.00    0.00
    AM-LOC        0       4     628     0.00    0.00    0.00
    AM-MED        0     140       3     0.00    0.00    0.00
    AM-MNR        0     144     361     0.00    0.00    0.00
    AM-NEG        0     620     284     0.00    0.00    0.00
    AM-PNC        0    5726     140     0.00    0.00    0.00
    AM-PRD        0       3     160     0.00    0.00    0.00
    AM-REC        0     172       8     0.00    0.00    0.00
    AM-TMP        0       5    1019     0.00    0.00    0.00
------------------------------------------------------------
         V        0     651    5099     0.00    0.00    0.00
------------------------------------------------------------
