Number of Sentences    :        2878
Number of Propositions :        5099
Percentage of perfect props :   0.00

              corr.  excess  missed    prec.    rec.      F1
------------------------------------------------------------
   Overall       20   26214   12019     0.08    0.17    0.10
----------
        A0        0       0    2687     0.00    0.00    0.00
        A1        0     443    4592     0.00    0.00    0.00
        A2        5    1655    1109     0.30    0.45    0.36
        A3        2    3367     126     0.06    1.56    0.11
        A4        5    7206      94     0.07    5.05    0.14
        A5        0    5095       1     0.00    0.00    0.00
    AM-ADV        1     221     330     0.45    0.30    0.36
    AM-CAU        0       1     133     0.00    0.00    0.00
    AM-DIR        0       0      11     0.00    0.00    0.00
    AM-DIS        0       0     268     0.00    0.00    0.00
    AM-EXT        2    1122      70     0.18    2.78    0.33
    AM-LOC        0    4959     628     0.00    0.00    0.00
    AM-MED        0       0       3     0.00    0.00    0.00
    AM-MNR        0       2     361     0.00    0.00    0.00
    AM-NEG        0      98     284     0.00    0.00    0.00
    AM-PNC        0    1358     140     0.00    0.00    0.00
    AM-PRD        0     452     160     0.00    0.00    0.00
    AM-REC        0       0       8     0.00    0.00    0.00
    AM-TMP        5     235    1014     2.08    0.49    0.79
------------------------------------------------------------
         V        0      34    5099     0.00    0.00    0.00
------------------------------------------------------------
