Number of Sentences    :        2878
Number of Propositions :        5099
Percentage of perfect props :   0.00

              corr.  excess  missed    prec.    rec.      F1
------------------------------------------------------------
   Overall       13   15004   12026     0.09    0.11    0.10
----------
        A0        0     337    2687     0.00    0.00    0.00
        A1        1     188    4591     0.53    0.02    0.04
        A2        4     378    1110     1.05    0.36    0.53
        A3        0    4624     128     0.00    0.00    0.00
        A4        0       0      99     0.00    0.00    0.00
        A5        0       1       1     0.00    0.00    0.00
    AM-ADV        0     187     331     0.00    0.00    0.00
    AM-CAU        0       1     133     0.00    0.00    0.00
    AM-DIR        0      53      11     0.00    0.00    0.00
    AM-DIS        5    6877     263     0.07    1.87    0.14
    AM-EXT        0    1611      72     0.00    0.00    0.00
    AM-LOC        0       1     628     0.00    0.00    0.00
    AM-MED        0      21       3     0.00    0.00    0.00
    AM-MNR        0       2     361     0.00    0.00    0.00
    AM-NEG        0     201     284     0.00    0.00    0.00
    AM-PNC        1      69     139     1.43    0.71    0.95
    AM-PRD        2     451     158     0.44    1.25    0.65
    AM-REC        0       0       8     0.00    0.00    0.00
    AM-TMP        0       2    1019     0.00    0.00    0.00
------------------------------------------------------------
         V       29    3730    5070     0.77    0.57    0.65
------------------------------------------------------------
