Number of Sentences    :        2878
Number of Propositions :        5099
Percentage of perfect props :   0.00

              corr.  excess  missed    prec.    rec.      F1
------------------------------------------------------------
   Overall     1119   25293   10920     4.24    9.29    5.82
----------
        A0        0      18    2687     0.00    0.00    0.00
        A1        0      73    4592     0.00    0.00    0.00
        A2        0      53    1114     0.00    0.00    0.00
        A3        0     444     128     0.00    0.00    0.00
        A4        0       5      99     0.00    0.00    0.00
        A5        0   10984       1     0.00    0.00    0.00
    AM-ADV        1    5423     330     0.02    0.30    0.03
    AM-CAU        0       7     133     0.00    0.00    0.00
    AM-DIR        0    5099      11     0.00    0.00    0.00
    AM-DIS        0     453     268     0.00    0.00    0.00
    AM-EXT        0     641      72     0.00    0.00    0.00
    AM-LOC        0     132     628     0.00    0.00    0.00
    AM-MED        0       1       3     0.00    0.00    0.00
    AM-MNR      266     421      95    38.72   73.68   50.76
    AM-NEG        0    1106     284     0.00    0.00    0.00
    AM-PNC        0     137     140     0.00    0.00    0.00
    AM-PRD        0       7     160     0.00    0.00    0.00
    AM-REC        0       1       8     0.00    0.00    0.00
    AM-TMP      852     288     167    74.74   83.61   78.93
------------------------------------------------------------
         V        0     104    5099     0.00    0.00    0.00
------------------------------------------------------------
