Number of Sentences    :        5099
Number of Propositions :        5099
Percentage of perfect props :   4.35

              corr.  excess  missed    prec.    rec.      F1
------------------------------------------------------------
   Overall     3138    8869    8901    26.13   26.07   26.10
----------
        A0     1109    1569    1578    41.41   41.27   41.34
        A1      723    3855    3869    15.79   15.74   15.77
        A2      140     971     974    12.60   12.57   12.58
        A3       14     114     114    10.94   10.94   10.94
        A4        5      94      94     5.05    5.05    5.05
        A5        0       1       1     0.00    0.00    0.00
    AM-ADV      182     148     149    55.15   54.98   55.07
    AM-CAU        1     132     132     0.75    0.75    0.75
    AM-DIR        0      11      11     0.00    0.00    0.00
    AM-DIS      160     107     108    59.93   59.70   59.81
    AM-EXT       42      30      30    58.33   58.33   58.33
    AM-LOC       47     580     581     7.50    7.48    7.49
    AM-MED        1       2       2    33.33   33.33   33.33
    AM-MNR       90     271     271    24.93   24.93   24.93
    AM-NEG      265      17      19    93.97   93.31   93.64
    AM-PNC        4     136     136     2.86    2.86    2.86
    AM-PRD        6     153     154     3.77    3.75    3.76
    AM-REC        8       0       0   100.00  100.00  100.00
    AM-TMP      341     678     678    33.46   33.46   33.46
------------------------------------------------------------
         V        0       0    5099     0.00    0.00    0.00
------------------------------------------------------------
