Number of Sentences    :        2878
Number of Propositions :        5099
Percentage of perfect props :   0.00

              corr.  excess  missed    prec.    rec.      F1
------------------------------------------------------------
   Overall      358   18706   11681     1.88    2.97    2.30
----------
        A0        0     178    2687     0.00    0.00    0.00
        A1        1     265    4591     0.38    0.02    0.04
        A2        9    4556    1105     0.20    0.81    0.32
        A3      105      44      23    70.47   82.03   75.81
        A4        0      66      99     0.00    0.00    0.00
        A5        0       4       1     0.00    0.00    0.00
    AM-ADV      243     152      88    61.52   73.41   66.94
    AM-CAU        0      14     133     0.00    0.00    0.00
    AM-DIR        0      17      11     0.00    0.00    0.00
    AM-DIS        0    4949     268     0.00    0.00    0.00
    AM-EXT        0    1413      72     0.00    0.00    0.00
    AM-LOC        0       4     628     0.00    0.00    0.00
    AM-MED        0     169       3     0.00    0.00    0.00
    AM-MNR        0     141     361     0.00    0.00    0.00
    AM-NEG        0     727     284     0.00    0.00    0.00
    AM-PNC        0    5831     140     0.00    0.00    0.00
    AM-PRD        0       3     160     0.00    0.00    0.00
    AM-REC        0     168       8     0.00    0.00    0.00
    AM-TMP        0       5    1019     0.00    0.00    0.00
------------------------------------------------------------
         V        0     694    5099     0.00    0.00    0.00
------------------------------------------------------------
