Number of Sentences    :        2878
Number of Propositions :        5099
Percentage of perfect props :   0.00

              corr.  excess  missed    prec.    rec.      F1
------------------------------------------------------------
   Overall       94   20574   11945     0.45    0.78    0.57
----------
        A0        0     293    2687     0.00    0.00    0.00
        A1        0     152    4592     0.00    0.00    0.00
        A2        1     210    1113     0.47    0.09    0.15
        A3        0    5043     128     0.00    0.00    0.00
        A4        0       0      99     0.00    0.00    0.00
        A5        0       4       1     0.00    0.00    0.00
    AM-ADV       73     211     258    25.70   22.05   23.74
    AM-CAU        0       1     133     0.00    0.00    0.00
    AM-DIR        0      86      11     0.00    0.00    0.00
    AM-DIS       12   10761     256     0.11    4.48    0.22
    AM-EXT        2     784      70     0.25    2.78    0.47
    AM-LOC        0      13     628     0.00    0.00    0.00
    AM-MED        0     129       3     0.00    0.00    0.00
    AM-MNR        0      13     361     0.00    0.00    0.00
    AM-NEG        4    1801     280     0.22    1.41    0.38
    AM-PNC        0     113     140     0.00    0.00    0.00
    AM-PRD        2     953     158     0.21    1.25    0.36
    AM-REC        0       3       8     0.00    0.00    0.00
    AM-TMP        0       4    1019     0.00    0.00    0.00
------------------------------------------------------------
         V        3    4018    5096     0.07    0.06    0.07
------------------------------------------------------------
