Number of Sentences    :        2878
Number of Propositions :        5099
Percentage of perfect props :   0.57

              corr.  excess  missed    prec.    rec.      F1
------------------------------------------------------------
   Overall      227    5201   11812     4.18    1.89    2.60
----------
        A0      120    1148    2567     9.46    4.47    6.07
        A1      100    3369    4492     2.88    2.18    2.48
        A2        5     436    1109     1.13    0.45    0.64
        A3        0       0     128     0.00    0.00    0.00
        A4        0       0      99     0.00    0.00    0.00
        A5        0       0       1     0.00    0.00    0.00
    AM-ADV        0       8     331     0.00    0.00    0.00
    AM-CAU        0      11     133     0.00    0.00    0.00
    AM-DIR        0       0      11     0.00    0.00    0.00
    AM-DIS        0       3     268     0.00    0.00    0.00
    AM-EXT        0       0      72     0.00    0.00    0.00
    AM-LOC        0      49     628     0.00    0.00    0.00
    AM-MED        0       0       3     0.00    0.00    0.00
    AM-MNR        0       0     361     0.00    0.00    0.00
    AM-NEG        0       0     284     0.00    0.00    0.00
    AM-PNC        0       1     140     0.00    0.00    0.00
    AM-PRD        0       0     160     0.00    0.00    0.00
    AM-REC        0       0       8     0.00    0.00    0.00
    AM-TMP        2     176    1017     1.12    0.20    0.33
------------------------------------------------------------
         V       87     309    5012    21.97    1.71    3.17
------------------------------------------------------------
