Number of Sentences    :        2878
Number of Propositions :        5099
Percentage of perfect props :  98.96

              corr.  excess  missed    prec.    rec.      F1
------------------------------------------------------------
   Overall    11952      52      87    99.57   99.28   99.42
----------
        A0     2687       0       0   100.00  100.00  100.00
        A1     4584       7       8    99.85   99.83   99.84
        A2     1114       0       0   100.00  100.00  100.00
        A3      128       0       0   100.00  100.00  100.00
        A4       99       0       0   100.00  100.00  100.00
        A5        0       0       1     0.00    0.00    0.00
    AM-ADV      327       4       4    98.79   98.79   98.79
    AM-CAU      132       1       1    99.25   99.25   99.25
    AM-DIR       11       0       0   100.00  100.00  100.00
    AM-DIS      267       1       1    99.63   99.63   99.63
    AM-EXT       72       0       0   100.00  100.00  100.00
    AM-LOC      600      14      28    97.72   95.54   96.62
    AM-MED        3       0       0   100.00  100.00  100.00
    AM-MNR      357       2       4    99.44   98.89   99.17
    AM-NEG      282       2       2    99.30   99.30   99.30
    AM-PNC      139       1       1    99.29   99.29   99.29
    AM-PRD      158       1       2    99.37   98.75   99.06
    AM-REC        8       0       0   100.00  100.00  100.00
    AM-TMP      984      19      35    98.11   96.57   97.33
------------------------------------------------------------
         V     5094       5       5    99.90   99.90   99.90
------------------------------------------------------------
