Number of Sentences    :        2878
Number of Propositions :        5099
Percentage of perfect props :   0.00

              corr.  excess  missed    prec.    rec.      F1
------------------------------------------------------------
   Overall        0   48262   12039     0.00    0.00    0.00
----------
        A0        0      19    2687     0.00    0.00    0.00
        A1        0      95    4592     0.00    0.00    0.00
        A2        0      45    1114     0.00    0.00    0.00
        A3        0     283     128     0.00    0.00    0.00
        A4        0      37      99     0.00    0.00    0.00
        A5        0       0       1     0.00    0.00    0.00
    AM-ADV        0    1054     331     0.00    0.00    0.00
    AM-CAU        0      40     133     0.00    0.00    0.00
    AM-DIR        0      19      11     0.00    0.00    0.00
    AM-DIS        0    1448     268     0.00    0.00    0.00
    AM-EXT        0      93      72     0.00    0.00    0.00
    AM-LOC        0    2974     628     0.00    0.00    0.00
    AM-MED        0       3       3     0.00    0.00    0.00
    AM-MNR        0     605     361     0.00    0.00    0.00
    AM-NEG        0    6829     284     0.00    0.00    0.00
    AM-PNC        0    3411     140     0.00    0.00    0.00
    AM-PRD        0   31117     160     0.00    0.00    0.00
    AM-REC        0      29       8     0.00    0.00    0.00
    AM-TMP        0     161    1019     0.00    0.00    0.00
------------------------------------------------------------
         V        0       0    5099     0.00    0.00    0.00
------------------------------------------------------------
