Number of Sentences    :        2878
Number of Propositions :        5099
Percentage of perfect props :   0.06

              corr.  excess  missed    prec.    rec.      F1
------------------------------------------------------------
   Overall      242    5732   11797     4.05    2.01    2.69
----------
        A0      234     736    2453    24.12    8.71   12.80
        A1        5    4562    4587     0.11    0.11    0.11
        A2        3     269    1111     1.10    0.27    0.43
        A3        0       0     128     0.00    0.00    0.00
        A4        0       0      99     0.00    0.00    0.00
        A5        0       0       1     0.00    0.00    0.00
    AM-ADV        0       0     331     0.00    0.00    0.00
    AM-CAU        0       0     133     0.00    0.00    0.00
    AM-DIR        0       0      11     0.00    0.00    0.00
    AM-DIS        0       0     268     0.00    0.00    0.00
    AM-EXT        0       0      72     0.00    0.00    0.00
    AM-LOC        0       0     628     0.00    0.00    0.00
    AM-MED        0       0       3     0.00    0.00    0.00
    AM-MNR        0      39     361     0.00    0.00    0.00
    AM-NEG        0       0     284     0.00    0.00    0.00
    AM-PNC        0       9     140     0.00    0.00    0.00
    AM-PRD        0       0     160     0.00    0.00    0.00
    AM-REC        0       0       8     0.00    0.00    0.00
    AM-TMP        0     117    1019     0.00    0.00    0.00
------------------------------------------------------------
         V      797     186    4302    81.08   15.63   26.21
------------------------------------------------------------
