Number of Sentences    :        5099
Number of Propositions :        5099
Percentage of perfect props :  99.04

              corr.  excess  missed    prec.    rec.      F1
------------------------------------------------------------
   Overall    11956      49      83    99.59   99.31   99.45
----------
        A0     2687       0       0   100.00  100.00  100.00
        A1     4584       7       8    99.85   99.83   99.84
        A2     1114       0       0   100.00  100.00  100.00
        A3      128       0       0   100.00  100.00  100.00
        A4       99       0       0   100.00  100.00  100.00
        A5        1       0       0   100.00  100.00  100.00
    AM-ADV      327       4       4    98.79   98.79   98.79
    AM-CAU      132       1       1    99.25   99.25   99.25
    AM-DIR       11       0       0   100.00  100.00  100.00
    AM-DIS      268       0       0   100.00  100.00  100.00
    AM-EXT       72       0       0   100.00  100.00  100.00
    AM-LOC      600      14      28    97.72   95.54   96.62
    AM-MED        3       0       0   100.00  100.00  100.00
    AM-MNR      357       2       4    99.44   98.89   99.17
    AM-NEG      284       0       0   100.00  100.00  100.00
    AM-PNC      139       1       1    99.29   99.29   99.29
    AM-PRD      158       1       2    99.37   98.75   99.06
    AM-REC        8       0       0   100.00  100.00  100.00
    AM-TMP      984      19      35    98.11   96.57   97.33
------------------------------------------------------------
         V     5094       5       5    99.90   99.90   99.90
------------------------------------------------------------
