Number of Sentences    :        2878
Number of Propositions :        5099
Percentage of perfect props :   0.00

              corr.  excess  missed    prec.    rec.      F1
------------------------------------------------------------
   Overall        5   24963   12034     0.02    0.04    0.03
----------
        A0        0       7    2687     0.00    0.00    0.00
        A1        0     467    4592     0.00    0.00    0.00
        A2        0    1286    1114     0.00    0.00    0.00
        A3        2    3125     126     0.06    1.56    0.12
        A4        0    6218      99     0.00    0.00    0.00
        A5        0    5098       1     0.00    0.00    0.00
    AM-ADV        1     356     330     0.28    0.30    0.29
    AM-CAU        0      14     133     0.00    0.00    0.00
    AM-DIR        0       9      11     0.00    0.00    0.00
    AM-DIS        0      11     268     0.00    0.00    0.00
    AM-EXT        0    1093      72     0.00    0.00    0.00
    AM-LOC        0    4959     628     0.00    0.00    0.00
    AM-MED        0       6       3     0.00    0.00    0.00
    AM-MNR        0      32     361     0.00    0.00    0.00
    AM-NEG        0     175     284     0.00    0.00    0.00
    AM-PNC        0    1220     140     0.00    0.00    0.00
    AM-PRD        0     531     160     0.00    0.00    0.00
    AM-REC        0       4       8     0.00    0.00    0.00
    AM-TMP        2     352    1017     0.56    0.20    0.29
------------------------------------------------------------
         V        0     143    5099     0.00    0.00    0.00
------------------------------------------------------------
