Number of Sentences    :        2878
Number of Propositions :        5099
Percentage of perfect props :  74.74

              corr.  excess  missed    prec.    rec.      F1
------------------------------------------------------------
   Overall    10255    1644    1784    86.18   85.18   85.68
----------
        A0     2505     238     182    91.32   93.23   92.27
        A1     4123     537     469    88.48   89.79   89.13
        A2      888     234     226    79.14   79.71   79.43
        A3       70      41      58    63.06   54.69   58.58
        A4       48      18      51    72.73   48.48   58.18
        A5        0       0       1     0.00    0.00    0.00
    AM-ADV      250      63      81    79.87   75.53   77.64
    AM-CAU       80      30      53    72.73   60.15   65.84
    AM-DIR        9       1       2    90.00   81.82   85.71
    AM-DIS      220      38      48    85.27   82.09   83.65
    AM-EXT       42      17      30    71.19   58.33   64.12
    AM-LOC      482     116     146    80.60   76.75   78.63
    AM-MED        3       0       0   100.00  100.00  100.00
    AM-MNR      245      66     116    78.78   67.87   72.92
    AM-NEG      277      13       7    95.52   97.54   96.52
    AM-PNC       99      45      41    68.75   70.71   69.72
    AM-PRD       92      47      68    66.19   57.50   61.54
    AM-REC        2       0       6   100.00   25.00   40.00
    AM-TMP      820     140     199    85.42   80.47   82.87
------------------------------------------------------------
         V     5027      86      72    98.32   98.59   98.45
------------------------------------------------------------
