Number of Sentences    :        2878
Number of Propositions :        5099
Percentage of perfect props :   2.82

              corr.  excess  missed    prec.    rec.      F1
------------------------------------------------------------
   Overall     1629    5002   10410    24.57   13.53   17.45
----------
        A0      749     471    1938    61.39   27.87   38.34
        A1      166    3401    4426     4.65    3.61    4.07
        A2      106     318    1008    25.00    9.52   13.78
        A3       21      94     107    18.26   16.41   17.28
        A4       23      21      76    52.27   23.23   32.17
        A5        0       0       1     0.00    0.00    0.00
    AM-ADV       10      31     321    24.39    3.02    5.38
    AM-CAU        0       0     133     0.00    0.00    0.00
    AM-DIR        1       0      10   100.00    9.09   16.67
    AM-DIS       80      52     188    60.61   29.85   40.00
    AM-EXT        8       8      64    50.00   11.11   18.18
    AM-LOC      116     197     512    37.06   18.47   24.65
    AM-MED        0       0       3     0.00    0.00    0.00
    AM-MNR       24     270     337     8.16    6.65    7.33
    AM-NEG      259      40      25    86.62   91.20   88.85
    AM-PNC       54      40      86    57.45   38.57   46.15
    AM-PRD        0       7     160     0.00    0.00    0.00
    AM-REC        0       0       8     0.00    0.00    0.00
    AM-TMP       12      52    1007    18.75    1.18    2.22
------------------------------------------------------------
         V     4462     192     637    95.87   87.51   91.50
------------------------------------------------------------
