Number of Sentences    :        2878
Number of Propositions :        5099
Percentage of perfect props :   0.00

              corr.  excess  missed    prec.    rec.      F1
------------------------------------------------------------
   Overall        3   22203   12036     0.01    0.02    0.02
----------
        A0        0     248    2687     0.00    0.00    0.00
        A1        2     177    4590     1.12    0.04    0.08
        A2        0       1    1114     0.00    0.00    0.00
        A3        1    1285     127     0.08    0.78    0.14
        A4        0     238      99     0.00    0.00    0.00
        A5        0     569       1     0.00    0.00    0.00
    AM-ADV        0     936     331     0.00    0.00    0.00
    AM-CAU        0     272     133     0.00    0.00    0.00
    AM-DIR        0       0      11     0.00    0.00    0.00
    AM-DIS        0       4     268     0.00    0.00    0.00
    AM-EXT        0    5081      72     0.00    0.00    0.00
    AM-LOC        0     137     628     0.00    0.00    0.00
    AM-MED        0       3       3     0.00    0.00    0.00
    AM-MNR        0     152     361     0.00    0.00    0.00
    AM-NEG        0     355     284     0.00    0.00    0.00
    AM-PNC        0     129     140     0.00    0.00    0.00
    AM-PRD        0   10071     160     0.00    0.00    0.00
    AM-REC        0    2539       8     0.00    0.00    0.00
    AM-TMP        0       6    1019     0.00    0.00    0.00
------------------------------------------------------------
         V        0    4389    5099     0.00    0.00    0.00
------------------------------------------------------------
