Number of Sentences    :        2878
Number of Propositions :        5099
Percentage of perfect props :   0.00

              corr.  excess  missed    prec.    rec.      F1
------------------------------------------------------------
   Overall       18   33454   12021     0.05    0.15    0.08
----------
        A0        0       3    2687     0.00    0.00    0.00
        A1        0     211    4592     0.00    0.00    0.00
        A2        0      12    1114     0.00    0.00    0.00
        A3        0    4790     128     0.00    0.00    0.00
        A4        0       1      99     0.00    0.00    0.00
        A5        0       1       1     0.00    0.00    0.00
    AM-ADV       16   15940     315     0.10    4.83    0.20
    AM-CAU        0      51     133     0.00    0.00    0.00
    AM-DIR        0       0      11     0.00    0.00    0.00
    AM-DIS        0    1455     268     0.00    0.00    0.00
    AM-EXT        0    2960      72     0.00    0.00    0.00
    AM-LOC        0     110     628     0.00    0.00    0.00
    AM-MED        0     134       3     0.00    0.00    0.00
    AM-MNR        0     238     361     0.00    0.00    0.00
    AM-NEG        2     817     282     0.24    0.70    0.36
    AM-PNC        0       8     140     0.00    0.00    0.00
    AM-PRD        0    5042     160     0.00    0.00    0.00
    AM-REC        0       0       8     0.00    0.00    0.00
    AM-TMP        0    1681    1019     0.00    0.00    0.00
------------------------------------------------------------
         V        0       4    5099     0.00    0.00    0.00
------------------------------------------------------------
