Number of Sentences    :        2878
Number of Propositions :        5099
Percentage of perfect props :   0.00

              corr.  excess  missed    prec.    rec.      F1
------------------------------------------------------------
   Overall       14   33236   12025     0.04    0.12    0.06
----------
        A0        0       6    2687     0.00    0.00    0.00
        A1        1     273    4591     0.36    0.02    0.04
        A2        0      18    1114     0.00    0.00    0.00
        A3        0    4769     128     0.00    0.00    0.00
        A4        0       1      99     0.00    0.00    0.00
        A5        0       1       1     0.00    0.00    0.00
    AM-ADV       12   15503     319     0.08    3.63    0.15
    AM-CAU        0      64     133     0.00    0.00    0.00
    AM-DIR        0       0      11     0.00    0.00    0.00
    AM-DIS        0    1496     268     0.00    0.00    0.00
    AM-EXT        0    2878      72     0.00    0.00    0.00
    AM-LOC        0     139     628     0.00    0.00    0.00
    AM-MED        0     145       3     0.00    0.00    0.00
    AM-MNR        0     321     361     0.00    0.00    0.00
    AM-NEG        1     862     283     0.12    0.35    0.17
    AM-PNC        0      22     140     0.00    0.00    0.00
    AM-PRD        0    5085     160     0.00    0.00    0.00
    AM-REC        0       2       8     0.00    0.00    0.00
    AM-TMP        0    1651    1019     0.00    0.00    0.00
------------------------------------------------------------
         V        0       9    5099     0.00    0.00    0.00
------------------------------------------------------------
