Number of Sentences    :        2878
Number of Propositions :        5099
Percentage of perfect props :  98.53

              corr.  excess  missed    prec.    rec.      F1
------------------------------------------------------------
   Overall    11909      83     130    99.31   98.92   99.11
----------
        A0     2686       1       1    99.96   99.96   99.96
        A1     4568      24      24    99.48   99.48   99.48
        A2     1106       5       8    99.55   99.28   99.42
        A3      128       0       0   100.00  100.00  100.00
        A4       99       0       0   100.00  100.00  100.00
        A5        1       0       0   100.00  100.00  100.00
    AM-ADV      325       4       6    98.78   98.19   98.48
    AM-CAU      132       1       1    99.25   99.25   99.25
    AM-DIR       11       0       0   100.00  100.00  100.00
    AM-DIS      268       0       0   100.00  100.00  100.00
    AM-EXT       72       0       0   100.00  100.00  100.00
    AM-LOC      593      19      35    96.90   94.43   95.65
    AM-MED        3       0       0   100.00  100.00  100.00
    AM-MNR      351       6      10    98.32   97.23   97.77
    AM-NEG      284       0       0   100.00  100.00  100.00
    AM-PNC      139       1       1    99.29   99.29   99.29
    AM-PRD      157       1       3    99.37   98.12   98.74
    AM-REC        8       0       0   100.00  100.00  100.00
    AM-TMP      978      21      41    97.90   95.98   96.93
------------------------------------------------------------
         V     5094       5       5    99.90   99.90   99.90
------------------------------------------------------------
