Number of Sentences    :        2878
Number of Propositions :        5099
Percentage of perfect props :   0.00

              corr.  excess  missed    prec.    rec.      F1
------------------------------------------------------------
   Overall      582   27974   11457     2.04    4.83    2.87
----------
        A0        0       1    2687     0.00    0.00    0.00
        A1        0       2    4592     0.00    0.00    0.00
        A2        0      12    1114     0.00    0.00    0.00
        A3        0     280     128     0.00    0.00    0.00
        A4        0       0      99     0.00    0.00    0.00
        A5        0   12420       1     0.00    0.00    0.00
    AM-ADV        6    5929     325     0.10    1.81    0.19
    AM-CAU        0       0     133     0.00    0.00    0.00
    AM-DIR        0    5092      11     0.00    0.00    0.00
    AM-DIS        1     385     267     0.26    0.37    0.31
    AM-EXT        1     911      71     0.11    1.39    0.20
    AM-LOC        0      43     628     0.00    0.00    0.00
    AM-MED        0       0       3     0.00    0.00    0.00
    AM-MNR       36     610     325     5.57    9.97    7.15
    AM-NEG        1    1119     283     0.09    0.35    0.14
    AM-PNC        0      87     140     0.00    0.00    0.00
    AM-PRD        0       0     160     0.00    0.00    0.00
    AM-REC        0       0       8     0.00    0.00    0.00
    AM-TMP      537    1083     482    33.15   52.70   40.70
------------------------------------------------------------
         V        0      83    5099     0.00    0.00    0.00
------------------------------------------------------------
