Number of Sentences    :        2878
Number of Propositions :        5099
Percentage of perfect props :  48.26

              corr.  excess  missed    prec.    rec.      F1
------------------------------------------------------------
   Overall     8064    3696    3975    68.57   66.98   67.77
----------
        A0     2274     209     413    91.58   84.63   87.97
        A1     3397    1039    1195    76.58   73.98   75.25
        A2      503     377     611    57.16   45.15   50.45
        A3       25      70     103    26.32   19.53   22.42
        A4       40      62      59    39.22   40.40   39.80
        A5        0       0       1     0.00    0.00    0.00
    AM-ADV      175     127     156    57.95   52.87   55.29
    AM-CAU       52     112      81    31.71   39.10   35.02
    AM-DIR        5       9       6    35.71   45.45   40.00
    AM-DIS       94      67     174    58.39   35.07   43.82
    AM-EXT        6      19      66    24.00    8.33   12.37
    AM-LOC      399     353     229    53.06   63.54   57.83
    AM-MED        1       0       2   100.00   33.33   50.00
    AM-MNR      128     284     233    31.07   35.46   33.12
    AM-NEG      227      48      57    82.55   79.93   81.22
    AM-PNC       51     119      89    30.00   36.43   32.90
    AM-PRD       46      68     114    40.35   28.75   33.58
    AM-REC        1       1       7    50.00   12.50   20.00
    AM-TMP      640     732     379    46.65   62.81   53.53
------------------------------------------------------------
         V     4939     159     160    96.88   96.86   96.87
------------------------------------------------------------
