Number of Sentences    :        5099
Number of Propositions :        5099
Percentage of perfect props :  69.95

              corr.  excess  missed    prec.    rec.      F1
------------------------------------------------------------
   Overall    10070    2001    1969    83.42   83.64   83.53
----------
        A0     2561     123     126    95.42   95.31   95.36
        A1     4059     492     533    89.19   88.39   88.79
        A2      634     136     480    82.34   56.91   67.30
        A3       66      66      62    50.00   51.56   50.77
        A4       62      56      37    52.54   62.63   57.14
        A5        0       0       1     0.00    0.00    0.00
    AM-ADV      277     102      54    73.09   83.69   78.03
    AM-CAU       90      56      43    61.64   67.67   64.52
    AM-DIR        7       8       4    46.67   63.64   53.85
    AM-DIS      242      29      26    89.30   90.30   89.80
    AM-EXT       45      14      27    76.27   62.50   68.70
    AM-LOC      489     264     139    64.94   77.87   70.82
    AM-MED        1       0       2   100.00   33.33   50.00
    AM-MNR      213     132     148    61.74   59.00   60.34
    AM-NEG      277      14       7    95.19   97.54   96.35
    AM-PNC      101      46      39    68.71   72.14   70.38
    AM-PRD       99      60      61    62.26   61.88   62.07
    AM-REC        4       1       4    80.00   50.00   61.54
    AM-TMP      843     402     176    67.71   82.73   74.47
------------------------------------------------------------
         V     5039      49      60    99.04   98.82   98.93
------------------------------------------------------------
