Number of Sentences    :        2878
Number of Propositions :        5099
Percentage of perfect props :   3.10

              corr.  excess  missed    prec.    rec.      F1
------------------------------------------------------------
   Overall     1844    5143   10195    26.39   15.32   19.38
----------
        A0      816     507    1871    61.68   30.37   40.70
        A1      191    3478    4401     5.21    4.16    4.62
        A2      119     247     995    32.51   10.68   16.08
        A3       29      50      99    36.71   22.66   28.02
        A4       25      52      74    32.47   25.25   28.41
        A5        0       1       1     0.00    0.00    0.00
    AM-ADV       15      83     316    15.31    4.53    6.99
    AM-CAU        1       2     132    33.33    0.75    1.47
    AM-DIR        2       0       9   100.00   18.18   30.77
    AM-DIS       79      75     189    51.30   29.48   37.44
    AM-EXT       14      18      58    43.75   19.44   26.92
    AM-LOC      155     255     473    37.80   24.68   29.87
    AM-MED        0       0       3     0.00    0.00    0.00
    AM-MNR       34      96     327    26.15    9.42   13.85
    AM-NEG      256      32      28    88.89   90.14   89.51
    AM-PNC       67      43      73    60.91   47.86   53.60
    AM-PRD        4      21     156    16.00    2.50    4.32
    AM-REC        0       0       8     0.00    0.00    0.00
    AM-TMP       37     183     982    16.82    3.63    5.97
------------------------------------------------------------
         V     4619      62     480    98.68   90.59   94.46
------------------------------------------------------------
