Number of Sentences    :        5099
Number of Propositions :        5099
Percentage of perfect props :  57.70

              corr.  excess  missed    prec.    rec.      F1
------------------------------------------------------------
   Overall     8772    2595    3267    77.17   72.86   74.96
----------
        A0     2469     328     218    88.27   91.89   90.04
        A1     3756    1155     836    76.48   81.79   79.05
        A2      396     206     718    65.78   35.55   46.15
        A3        4       3     124    57.14    3.12    5.93
        A4       21      13      78    61.76   21.21   31.58
        A5        1       0       0   100.00  100.00  100.00
    AM-ADV      234     169      97    58.06   70.69   63.76
    AM-CAU       51      45      82    53.12   38.35   44.54
    AM-DIR        3       1       8    75.00   27.27   40.00
    AM-DIS      198      60      70    76.74   73.88   75.29
    AM-EXT       35      29      37    54.69   48.61   51.47
    AM-LOC      384     137     244    73.70   61.15   66.84
    AM-MED        0       0       3     0.00    0.00    0.00
    AM-MNR      148     180     213    45.12   41.00   42.96
    AM-NEG      274      44      10    86.16   96.48   91.03
    AM-PNC       47      14      93    77.05   33.57   46.77
    AM-PRD       53      27     107    66.25   33.12   44.17
    AM-REC        1       1       7    50.00   12.50   20.00
    AM-TMP      697     183     322    79.20   68.40   73.41
------------------------------------------------------------
         V     5027      76      72    98.51   98.59   98.55
------------------------------------------------------------
