Number of Sentences    :        2878
Number of Propositions :        5099
Percentage of perfect props :   0.00

              corr.  excess  missed    prec.    rec.      F1
------------------------------------------------------------
   Overall       21   37044   12018     0.06    0.17    0.09
----------
        A0        0       9    2687     0.00    0.00    0.00
        A1        1     345    4591     0.29    0.02    0.04
        A2        0      22    1114     0.00    0.00    0.00
        A3        0    4941     128     0.00    0.00    0.00
        A4        0       1      99     0.00    0.00    0.00
        A5        0       1       1     0.00    0.00    0.00
    AM-ADV       14   17793     317     0.08    4.23    0.15
    AM-CAU        0      58     133     0.00    0.00    0.00
    AM-DIR        0       0      11     0.00    0.00    0.00
    AM-DIS        1    1802     267     0.06    0.37    0.10
    AM-EXT        0    2781      72     0.00    0.00    0.00
    AM-LOC        0     123     628     0.00    0.00    0.00
    AM-MED        0     139       3     0.00    0.00    0.00
    AM-MNR        2     361     359     0.55    0.55    0.55
    AM-NEG        1     951     283     0.11    0.35    0.16
    AM-PNC        0      32     140     0.00    0.00    0.00
    AM-PRD        0    5054     160     0.00    0.00    0.00
    AM-REC        0       0       8     0.00    0.00    0.00
    AM-TMP        2    2631    1017     0.08    0.20    0.11
------------------------------------------------------------
         V        0       4    5099     0.00    0.00    0.00
------------------------------------------------------------
