Number of Sentences    :        2878
Number of Propositions :        5099
Percentage of perfect props :   0.00

              corr.  excess  missed    prec.    rec.      F1
------------------------------------------------------------
   Overall      422   28749   11617     1.45    3.51    2.05
----------
        A0        0       0    2687     0.00    0.00    0.00
        A1        0       1    4592     0.00    0.00    0.00
        A2        0       6    1114     0.00    0.00    0.00
        A3        0     216     128     0.00    0.00    0.00
        A4        0       0      99     0.00    0.00    0.00
        A5        0   13042       1     0.00    0.00    0.00
    AM-ADV        2    6021     329     0.03    0.60    0.06
    AM-CAU        0       0     133     0.00    0.00    0.00
    AM-DIR        0    5094      11     0.00    0.00    0.00
    AM-DIS        1     386     267     0.26    0.37    0.31
    AM-EXT        1     927      71     0.11    1.39    0.20
    AM-LOC        0      23     628     0.00    0.00    0.00
    AM-MED        0       0       3     0.00    0.00    0.00
    AM-MNR       21     472     340     4.26    5.82    4.92
    AM-NEG        0    1067     284     0.00    0.00    0.00
    AM-PNC        0      32     140     0.00    0.00    0.00
    AM-PRD        0       0     160     0.00    0.00    0.00
    AM-REC        0       0       8     0.00    0.00    0.00
    AM-TMP      397    1462     622    21.36   38.96   27.59
------------------------------------------------------------
         V        0      47    5099     0.00    0.00    0.00
------------------------------------------------------------
