Number of Sentences    :        2878
Number of Propositions :        5099
Percentage of perfect props :  20.24

              corr.  excess  missed    prec.    rec.      F1
------------------------------------------------------------
   Overall     3965    3296    8074    54.61   32.93   41.09
----------
        A0     1177     563    1510    67.64   43.80   53.17
        A1     2191    1074    2401    67.11   47.71   55.77
        A2       80     555    1034    12.60    7.18    9.15
        A3        0      56     128     0.00    0.00    0.00
        A4        1      32      98     3.03    1.01    1.52
        A5        0       0       1     0.00    0.00    0.00
    AM-ADV       35      83     296    29.66   10.57   15.59
    AM-CAU       21      81     112    20.59   15.79   17.87
    AM-DIR        0       0      11     0.00    0.00    0.00
    AM-DIS       22      14     246    61.11    8.21   14.47
    AM-EXT        1       7      71    12.50    1.39    2.50
    AM-LOC      105     285     523    26.92   16.72   20.63
    AM-MED        0       0       3     0.00    0.00    0.00
    AM-MNR       27     156     334    14.75    7.48    9.93
    AM-NEG       10       0     274   100.00    3.52    6.80
    AM-PNC       14      64     126    17.95   10.00   12.84
    AM-PRD       23      70     137    24.73   14.38   18.18
    AM-REC        0       0       8     0.00    0.00    0.00
    AM-TMP      258     256     761    50.19   25.32   33.66
------------------------------------------------------------
         V     2996     196    2103    93.86   58.76   72.27
------------------------------------------------------------
