Number of Sentences    :        2878
Number of Propositions :        5099
Percentage of perfect props :  13.08

              corr.  excess  missed    prec.    rec.      F1
------------------------------------------------------------
   Overall     2205    4226    9834    34.29   18.32   23.88
----------
        A0      615     676    2072    47.64   22.89   30.92
        A1     1516    2822    3076    34.95   33.01   33.95
        A2       70     655    1044     9.66    6.28    7.61
        A3        0       0     128     0.00    0.00    0.00
        A4        0       0      99     0.00    0.00    0.00
        A5        0       0       1     0.00    0.00    0.00
    AM-ADV        0       1     331     0.00    0.00    0.00
    AM-CAU        0       0     133     0.00    0.00    0.00
    AM-DIR        0       0      11     0.00    0.00    0.00
    AM-DIS        0       0     268     0.00    0.00    0.00
    AM-EXT        0       0      72     0.00    0.00    0.00
    AM-LOC        1      28     627     3.45    0.16    0.30
    AM-MED        0       0       3     0.00    0.00    0.00
    AM-MNR        0       0     361     0.00    0.00    0.00
    AM-NEG        0       0     284     0.00    0.00    0.00
    AM-PNC        0       0     140     0.00    0.00    0.00
    AM-PRD        0       0     160     0.00    0.00    0.00
    AM-REC        0       0       8     0.00    0.00    0.00
    AM-TMP        3      44    1016     6.38    0.29    0.56
------------------------------------------------------------
         V     4626     289     473    94.12   90.72   92.39
------------------------------------------------------------
