Number of Sentences    :        2878
Number of Propositions :        5099
Percentage of perfect props :  98.71

              corr.  excess  missed    prec.    rec.      F1
------------------------------------------------------------
   Overall    11925      73     114    99.39   99.05   99.22
----------
        A0     2684       1       3    99.96   99.89   99.93
        A1     4573      17      19    99.63   99.59   99.61
        A2     1108       4       6    99.64   99.46   99.55
        A3      128       0       0   100.00  100.00  100.00
        A4       99       0       0   100.00  100.00  100.00
        A5        1       0       0   100.00  100.00  100.00
    AM-ADV      326       5       5    98.49   98.49   98.49
    AM-CAU      131       2       2    98.50   98.50   98.50
    AM-DIR       11       0       0   100.00  100.00  100.00
    AM-DIS      268       0       0   100.00  100.00  100.00
    AM-EXT       72       0       0   100.00  100.00  100.00
    AM-LOC      599      15      29    97.56   95.38   96.46
    AM-MED        3       0       0   100.00  100.00  100.00
    AM-MNR      354       4       7    98.88   98.06   98.47
    AM-NEG      283       1       1    99.65   99.65   99.65
    AM-PNC      139       1       1    99.29   99.29   99.29
    AM-PRD      158       1       2    99.37   98.75   99.06
    AM-REC        8       0       0   100.00  100.00  100.00
    AM-TMP      980      22      39    97.80   96.17   96.98
------------------------------------------------------------
         V     5094       5       5    99.90   99.90   99.90
------------------------------------------------------------
