Number of Sentences    :        2878
Number of Propositions :        5099
Percentage of perfect props :  64.09

              corr.  excess  missed    prec.    rec.      F1
------------------------------------------------------------
   Overall     9160    2094    2879    81.39   76.09   78.65
----------
        A0     2226     209     461    91.42   82.84   86.92
        A1     3944     645     648    85.94   85.89   85.92
        A2      806     409     308    66.34   72.35   69.21
        A3       39      25      89    60.94   30.47   40.62
        A4       30      19      69    61.22   30.30   40.54
        A5        0       1       1     0.00    0.00    0.00
    AM-ADV      178      87     153    67.17   53.78   59.73
    AM-CAU       66      42      67    61.11   49.62   54.77
    AM-DIR        8       1       3    88.89   72.73   80.00
    AM-DIS      146      72     122    66.97   54.48   60.08
    AM-EXT       13      13      59    50.00   18.06   26.53
    AM-LOC      464     170     164    73.19   73.89   73.53
    AM-MED        0       3       3     0.00    0.00    0.00
    AM-MNR      141      99     220    58.75   39.06   46.92
    AM-NEG      256      52      28    83.12   90.14   86.49
    AM-PNC      102      31      38    76.69   72.86   74.73
    AM-PRD       67      46      93    59.29   41.88   49.08
    AM-REC        2       2       6    50.00   25.00   33.33
    AM-TMP      672     168     347    80.00   65.95   72.30
------------------------------------------------------------
         V     5004      96      95    98.12   98.14   98.13
------------------------------------------------------------
