Number of Sentences    :        2878
Number of Propositions :        5099
Percentage of perfect props :  97.63

              corr.  excess  missed    prec.    rec.      F1
------------------------------------------------------------
   Overall    11857     132     182    98.90   98.49   98.69
----------
        A0     2666      17      21    99.37   99.22   99.29
        A1     4555      35      37    99.24   99.19   99.22
        A2     1101       9      13    99.19   98.83   99.01
        A3      127       1       1    99.22   99.22   99.22
        A4       99       0       0   100.00  100.00  100.00
        A5        1       0       0   100.00  100.00  100.00
    AM-ADV      322       9       9    97.28   97.28   97.28
    AM-CAU      131       2       2    98.50   98.50   98.50
    AM-DIR       11       0       0   100.00  100.00  100.00
    AM-DIS      266       0       2   100.00   99.25   99.63
    AM-EXT       71       1       1    98.61   98.61   98.61
    AM-LOC      596      19      32    96.91   94.90   95.90
    AM-MED        3       0       0   100.00  100.00  100.00
    AM-MNR      348       9      13    97.48   96.40   96.94
    AM-NEG      284       0       0   100.00  100.00  100.00
    AM-PNC      135       4       5    97.12   96.43   96.77
    AM-PRD      157       2       3    98.74   98.12   98.43
    AM-REC        8       0       0   100.00  100.00  100.00
    AM-TMP      976      24      43    97.60   95.78   96.68
------------------------------------------------------------
         V     5093       7       6    99.86   99.88   99.87
------------------------------------------------------------
