Number of Sentences    :        2878
Number of Propositions :        5099
Percentage of perfect props :   0.00

              corr.  excess  missed    prec.    rec.      F1
------------------------------------------------------------
   Overall        6   15980   12033     0.04    0.05    0.04
----------
        A0        0      96    2687     0.00    0.00    0.00
        A1        1     116    4591     0.85    0.02    0.04
        A2        0       1    1114     0.00    0.00    0.00
        A3        2    1231     126     0.16    1.56    0.29
        A4        0      71      99     0.00    0.00    0.00
        A5        0     521       1     0.00    0.00    0.00
    AM-ADV        0      98     331     0.00    0.00    0.00
    AM-CAU        0     137     133     0.00    0.00    0.00
    AM-DIR        0       0      11     0.00    0.00    0.00
    AM-DIS        0       1     268     0.00    0.00    0.00
    AM-EXT        3    3792      69     0.08    4.17    0.16
    AM-LOC        0      98     628     0.00    0.00    0.00
    AM-MED        0       2       3     0.00    0.00    0.00
    AM-MNR        0      62     361     0.00    0.00    0.00
    AM-NEG        0     139     284     0.00    0.00    0.00
    AM-PNC        0      37     140     0.00    0.00    0.00
    AM-PRD        0    7826     160     0.00    0.00    0.00
    AM-REC        0    1752       8     0.00    0.00    0.00
    AM-TMP        0       0    1019     0.00    0.00    0.00
------------------------------------------------------------
         V       58    3256    5041     1.75    1.14    1.38
------------------------------------------------------------
