Number of Sentences    :        2878
Number of Propositions :        5099
Percentage of perfect props :   0.00

              corr.  excess  missed    prec.    rec.      F1
------------------------------------------------------------
   Overall        6   16736   12033     0.04    0.05    0.04
----------
        A0        0     131    2687     0.00    0.00    0.00
        A1        1     171    4591     0.58    0.02    0.04
        A2        0       0    1114     0.00    0.00    0.00
        A3        1     533     127     0.19    0.78    0.30
        A4        0     187      99     0.00    0.00    0.00
        A5        0     525       1     0.00    0.00    0.00
    AM-ADV        3    1006     328     0.30    0.91    0.45
    AM-CAU        0     258     133     0.00    0.00    0.00
    AM-DIR        0       1      11     0.00    0.00    0.00
    AM-DIS        0       0     268     0.00    0.00    0.00
    AM-EXT        0    3989      72     0.00    0.00    0.00
    AM-LOC        0     119     628     0.00    0.00    0.00
    AM-MED        0       0       3     0.00    0.00    0.00
    AM-MNR        0       6     361     0.00    0.00    0.00
    AM-NEG        0      33     284     0.00    0.00    0.00
    AM-PNC        0      99     140     0.00    0.00    0.00
    AM-PRD        1    7856     159     0.01    0.62    0.02
    AM-REC        0    1822       8     0.00    0.00    0.00
    AM-TMP        0       0    1019     0.00    0.00    0.00
------------------------------------------------------------
         V        0    2160    5099     0.00    0.00    0.00
------------------------------------------------------------
