Number of Sentences    :        2878
Number of Propositions :        5099
Percentage of perfect props :   0.00

              corr.  excess  missed    prec.    rec.      F1
------------------------------------------------------------
   Overall      415   18265   11624     2.22    3.45    2.70
----------
        A0        0     164    2687     0.00    0.00    0.00
        A1        0     263    4592     0.00    0.00    0.00
        A2        0    4542    1114     0.00    0.00    0.00
        A3      121      17       7    87.68   94.53   90.98
        A4        0      69      99     0.00    0.00    0.00
        A5        0       4       1     0.00    0.00    0.00
    AM-ADV      294     102      37    74.24   88.82   80.88
    AM-CAU        0      14     133     0.00    0.00    0.00
    AM-DIR        0      17      11     0.00    0.00    0.00
    AM-DIS        0    4950     268     0.00    0.00    0.00
    AM-EXT        0    1285      72     0.00    0.00    0.00
    AM-LOC        0       4     628     0.00    0.00    0.00
    AM-MED        0     150       3     0.00    0.00    0.00
    AM-MNR        0     138     361     0.00    0.00    0.00
    AM-NEG        0     627     284     0.00    0.00    0.00
    AM-PNC        0    5739     140     0.00    0.00    0.00
    AM-PRD        0       3     160     0.00    0.00    0.00
    AM-REC        0     172       8     0.00    0.00    0.00
    AM-TMP        0       5    1019     0.00    0.00    0.00
------------------------------------------------------------
         V        0     659    5099     0.00    0.00    0.00
------------------------------------------------------------
