Number of Sentences    :        2878
Number of Propositions :        5099
Percentage of perfect props :   0.00

              corr.  excess  missed    prec.    rec.      F1
------------------------------------------------------------
   Overall       16   33076   12023     0.05    0.13    0.07
----------
        A0        0       6    2687     0.00    0.00    0.00
        A1        0     138    4592     0.00    0.00    0.00
        A2        0      10    1114     0.00    0.00    0.00
        A3        0    4837     128     0.00    0.00    0.00
        A4        0       0      99     0.00    0.00    0.00
        A5        0       1       1     0.00    0.00    0.00
    AM-ADV       14   15981     317     0.09    4.23    0.17
    AM-CAU        0      46     133     0.00    0.00    0.00
    AM-DIR        0       0      11     0.00    0.00    0.00
    AM-DIS        0    1342     268     0.00    0.00    0.00
    AM-EXT        0    2976      72     0.00    0.00    0.00
    AM-LOC        0      81     628     0.00    0.00    0.00
    AM-MED        0     133       3     0.00    0.00    0.00
    AM-MNR        0     233     361     0.00    0.00    0.00
    AM-NEG        2     788     282     0.25    0.70    0.37
    AM-PNC        0       7     140     0.00    0.00    0.00
    AM-PRD        0    5071     160     0.00    0.00    0.00
    AM-REC        0       2       8     0.00    0.00    0.00
    AM-TMP        0    1424    1019     0.00    0.00    0.00
------------------------------------------------------------
         V        0       4    5099     0.00    0.00    0.00
------------------------------------------------------------
