Number of Sentences    :        2878
Number of Propositions :        5099
Percentage of perfect props :   0.00

              corr.  excess  missed    prec.    rec.      F1
------------------------------------------------------------
   Overall      316   21978   11723     1.42    2.62    1.84
----------
        A0        0     407    2687     0.00    0.00    0.00
        A1        0     216    4592     0.00    0.00    0.00
        A2        0     420    1114     0.00    0.00    0.00
        A3        0    5099     128     0.00    0.00    0.00
        A4        0       2      99     0.00    0.00    0.00
        A5        0       4       1     0.00    0.00    0.00
    AM-ADV      316     135      15    70.07   95.47   80.82
    AM-CAU        0       4     133     0.00    0.00    0.00
    AM-DIR        0      99      11     0.00    0.00    0.00
    AM-DIS        0   10236     268     0.00    0.00    0.00
    AM-EXT        0    1100      72     0.00    0.00    0.00
    AM-LOC        0      16     628     0.00    0.00    0.00
    AM-MED        0     140       3     0.00    0.00    0.00
    AM-MNR        0      14     361     0.00    0.00    0.00
    AM-NEG        0    2687     284     0.00    0.00    0.00
    AM-PNC        0     273     140     0.00    0.00    0.00
    AM-PRD        0    1115     160     0.00    0.00    0.00
    AM-REC        0       3       8     0.00    0.00    0.00
    AM-TMP        0       8    1019     0.00    0.00    0.00
------------------------------------------------------------
         V        0    4590    5099     0.00    0.00    0.00
------------------------------------------------------------
