Number of Sentences    :        2878
Number of Propositions :        5099
Percentage of perfect props :   0.00

              corr.  excess  missed    prec.    rec.      F1
------------------------------------------------------------
   Overall       58   71353   11981     0.08    0.48    0.14
----------
        A0        0     324    2687     0.00    0.00    0.00
        A1       30    3795    4562     0.78    0.65    0.71
        A2        0     118    1114     0.00    0.00    0.00
        A3        0    3460     128     0.00    0.00    0.00
        A4        0     456      99     0.00    0.00    0.00
        A5        0     120       1     0.00    0.00    0.00
    AM-ADV       19    3892     312     0.49    5.74    0.90
    AM-CAU        1   18169     132     0.01    0.75    0.01
    AM-DIR        0     983      11     0.00    0.00    0.00
    AM-DIS        0     631     268     0.00    0.00    0.00
    AM-EXT        0    1661      72     0.00    0.00    0.00
    AM-LOC        0       7     628     0.00    0.00    0.00
    AM-MED        0      51       3     0.00    0.00    0.00
    AM-MNR        0      99     361     0.00    0.00    0.00
    AM-NEG        0    1191     284     0.00    0.00    0.00
    AM-PNC        0     476     140     0.00    0.00    0.00
    AM-PRD        2   32092     158     0.01    1.25    0.01
    AM-REC        0     126       8     0.00    0.00    0.00
    AM-TMP        6    3702    1013     0.16    0.59    0.25
------------------------------------------------------------
         V       19   17376    5080     0.11    0.37    0.17
------------------------------------------------------------
