Number of Sentences    :        5099
Number of Propositions :        5099
Percentage of perfect props :  99.86

              corr.  excess  missed    prec.    rec.      F1
------------------------------------------------------------
   Overall    12032       7       7    99.94   99.94   99.94
----------
        A0     2687       0       0   100.00  100.00  100.00
        A1     4592       0       0   100.00  100.00  100.00
        A2     1114       0       0   100.00  100.00  100.00
        A3      128       0       0   100.00  100.00  100.00
        A4       99       0       0   100.00  100.00  100.00
        A5        1       0       0   100.00  100.00  100.00
    AM-ADV      327       4       4    98.79   98.79   98.79
    AM-CAU      133       0       0   100.00  100.00  100.00
    AM-DIR       11       0       0   100.00  100.00  100.00
    AM-DIS      268       0       0   100.00  100.00  100.00
    AM-EXT       72       0       0   100.00  100.00  100.00
    AM-LOC      628       0       0   100.00  100.00  100.00
    AM-MED        3       0       0   100.00  100.00  100.00
    AM-MNR      361       0       0   100.00  100.00  100.00
    AM-NEG      284       0       0   100.00  100.00  100.00
    AM-PNC      140       0       0   100.00  100.00  100.00
    AM-PRD      160       0       0   100.00  100.00  100.00
    AM-REC        8       0       0   100.00  100.00  100.00
    AM-TMP     1016       3       3    99.71   99.71   99.71
------------------------------------------------------------
         V     5099       0       0   100.00  100.00  100.00
------------------------------------------------------------
