Number of Sentences    :        2878
Number of Propositions :        5099
Percentage of perfect props :  98.80

              corr.  excess  missed    prec.    rec.      F1
------------------------------------------------------------
   Overall    11939      63     100    99.48   99.17   99.32
----------
        A0     2684       1       3    99.96   99.89   99.93
        A1     4579      12      13    99.74   99.72   99.73
        A2     1109       5       5    99.55   99.55   99.55
        A3      127       1       1    99.22   99.22   99.22
        A4       99       0       0   100.00  100.00  100.00
        A5        1       0       0   100.00  100.00  100.00
    AM-ADV      327       4       4    98.79   98.79   98.79
    AM-CAU      132       1       1    99.25   99.25   99.25
    AM-DIR       11       0       0   100.00  100.00  100.00
    AM-DIS      268       0       0   100.00  100.00  100.00
    AM-EXT       72       0       0   100.00  100.00  100.00
    AM-LOC      600      14      28    97.72   95.54   96.62
    AM-MED        3       0       0   100.00  100.00  100.00
    AM-MNR      356       3       5    99.16   98.61   98.89
    AM-NEG      284       0       0   100.00  100.00  100.00
    AM-PNC      137       2       3    98.56   97.86   98.21
    AM-PRD      158       1       2    99.37   98.75   99.06
    AM-REC        8       0       0   100.00  100.00  100.00
    AM-TMP      984      19      35    98.11   96.57   97.33
------------------------------------------------------------
         V     5094       5       5    99.90   99.90   99.90
------------------------------------------------------------
