Number of Sentences    :        2878
Number of Propositions :        5099
Percentage of perfect props :   0.00

              corr.  excess  missed    prec.    rec.      F1
------------------------------------------------------------
   Overall      105   16476   11934     0.63    0.87    0.73
----------
        A0       94    5770    2593     1.60    3.50    2.20
        A1        0       0    4592     0.00    0.00    0.00
        A2        0      23    1114     0.00    0.00    0.00
        A3        0       1     128     0.00    0.00    0.00
        A4        0       0      99     0.00    0.00    0.00
        A5        0       0       1     0.00    0.00    0.00
    AM-ADV        0       0     331     0.00    0.00    0.00
    AM-CAU        0      77     133     0.00    0.00    0.00
    AM-DIR        0       0      11     0.00    0.00    0.00
    AM-DIS        0    5093     268     0.00    0.00    0.00
    AM-EXT        0    1166      72     0.00    0.00    0.00
    AM-LOC        1      46     627     2.13    0.16    0.30
    AM-MED        0      57       3     0.00    0.00    0.00
    AM-MNR        0      33     361     0.00    0.00    0.00
    AM-NEG        0     167     284     0.00    0.00    0.00
    AM-PNC        4      52     136     7.14    2.86    4.08
    AM-PRD        6    3991     154     0.15    3.75    0.29
    AM-REC        0       0       8     0.00    0.00    0.00
    AM-TMP        0       0    1019     0.00    0.00    0.00
------------------------------------------------------------
         V        0      12    5099     0.00    0.00    0.00
------------------------------------------------------------
