Number of Sentences    :        2878
Number of Propositions :        5099
Percentage of perfect props :   0.00

              corr.  excess  missed    prec.    rec.      F1
------------------------------------------------------------
   Overall       15   33459   12024     0.04    0.12    0.07
----------
        A0        0       6    2687     0.00    0.00    0.00
        A1        1     286    4591     0.35    0.02    0.04
        A2        0      15    1114     0.00    0.00    0.00
        A3        0    4871     128     0.00    0.00    0.00
        A4        0       1      99     0.00    0.00    0.00
        A5        0       1       1     0.00    0.00    0.00
    AM-ADV       11   15492     320     0.07    3.32    0.14
    AM-CAU        0      64     133     0.00    0.00    0.00
    AM-DIR        0       0      11     0.00    0.00    0.00
    AM-DIS        0    1501     268     0.00    0.00    0.00
    AM-EXT        0    2899      72     0.00    0.00    0.00
    AM-LOC        0     179     628     0.00    0.00    0.00
    AM-MED        0     142       3     0.00    0.00    0.00
    AM-MNR        1     344     360     0.29    0.28    0.28
    AM-NEG        2     878     282     0.23    0.70    0.34
    AM-PNC        0      25     140     0.00    0.00    0.00
    AM-PRD        0    5086     160     0.00    0.00    0.00
    AM-REC        0       2       8     0.00    0.00    0.00
    AM-TMP        0    1667    1019     0.00    0.00    0.00
------------------------------------------------------------
         V        0       6    5099     0.00    0.00    0.00
------------------------------------------------------------
