Number of Sentences    :        2878
Number of Propositions :        5099
Percentage of perfect props :   0.00

              corr.  excess  missed    prec.    rec.      F1
------------------------------------------------------------
   Overall     1118   25297   10921     4.23    9.29    5.81
----------
        A0        0      18    2687     0.00    0.00    0.00
        A1        0      73    4592     0.00    0.00    0.00
        A2        0      53    1114     0.00    0.00    0.00
        A3        0     445     128     0.00    0.00    0.00
        A4        0       4      99     0.00    0.00    0.00
        A5        0   10987       1     0.00    0.00    0.00
    AM-ADV        1    5424     330     0.02    0.30    0.03
    AM-CAU        0       7     133     0.00    0.00    0.00
    AM-DIR        0    5099      11     0.00    0.00    0.00
    AM-DIS        0     453     268     0.00    0.00    0.00
    AM-EXT        0     641      72     0.00    0.00    0.00
    AM-LOC        0     132     628     0.00    0.00    0.00
    AM-MED        0       1       3     0.00    0.00    0.00
    AM-MNR      265     423      96    38.52   73.41   50.52
    AM-NEG        0    1106     284     0.00    0.00    0.00
    AM-PNC        0     136     140     0.00    0.00    0.00
    AM-PRD        0       7     160     0.00    0.00    0.00
    AM-REC        0       1       8     0.00    0.00    0.00
    AM-TMP      852     287     167    74.80   83.61   78.96
------------------------------------------------------------
         V        0     104    5099     0.00    0.00    0.00
------------------------------------------------------------
