Number of Sentences    :        2878
Number of Propositions :        5099
Percentage of perfect props :   0.00

              corr.  excess  missed    prec.    rec.      F1
------------------------------------------------------------
   Overall       26   19226   12013     0.14    0.22    0.17
----------
        A0        0      43    2687     0.00    0.00    0.00
        A1        0      85    4592     0.00    0.00    0.00
        A2        0       0    1114     0.00    0.00    0.00
        A3       17     844     111     1.97   13.28    3.44
        A4        0      17      99     0.00    0.00    0.00
        A5        0     471       1     0.00    0.00    0.00
    AM-ADV        9     490     322     1.80    2.72    2.17
    AM-CAU        0     270     133     0.00    0.00    0.00
    AM-DIR        0       0      11     0.00    0.00    0.00
    AM-DIS        0       0     268     0.00    0.00    0.00
    AM-EXT        0    5088      72     0.00    0.00    0.00
    AM-LOC        0      54     628     0.00    0.00    0.00
    AM-MED        0       0       3     0.00    0.00    0.00
    AM-MNR        0      17     361     0.00    0.00    0.00
    AM-NEG        0      23     284     0.00    0.00    0.00
    AM-PNC        0      26     140     0.00    0.00    0.00
    AM-PRD        0    9048     160     0.00    0.00    0.00
    AM-REC        0    2750       8     0.00    0.00    0.00
    AM-TMP        0       0    1019     0.00    0.00    0.00
------------------------------------------------------------
         V        0    3951    5099     0.00    0.00    0.00
------------------------------------------------------------
