Number of Sentences    :        2878
Number of Propositions :        5099
Percentage of perfect props :  87.06

              corr.  excess  missed    prec.    rec.      F1
------------------------------------------------------------
   Overall    11192     908     847    92.50   92.96   92.73
----------
        A0     2543      81     144    96.91   94.64   95.76
        A1     4288     352     304    92.41   93.38   92.89
        A2     1001     179     113    84.83   89.86   87.27
        A3      119      13       9    90.15   92.97   91.54
        A4       90      13       9    87.38   90.91   89.11
        A5        1       0       0   100.00  100.00  100.00
    AM-ADV      316      20      15    94.05   95.47   94.75
    AM-CAU      119      18      14    86.86   89.47   88.15
    AM-DIR       10       1       1    90.91   90.91   90.91
    AM-DIS      257      19      11    93.12   95.90   94.49
    AM-EXT       66       6       6    91.67   91.67   91.67
    AM-LOC      559      72      69    88.59   89.01   88.80
    AM-MED        3       0       0   100.00  100.00  100.00
    AM-MNR      316      41      45    88.52   87.53   88.02
    AM-NEG      284       1       0    99.65  100.00   99.82
    AM-PNC      129       8      11    94.16   92.14   93.14
    AM-PRD      139      24      21    85.28   86.88   86.07
    AM-REC        7       0       1   100.00   87.50   93.33
    AM-TMP      945      60      74    94.03   92.74   93.38
------------------------------------------------------------
         V     5066      27      33    99.47   99.35   99.41
------------------------------------------------------------
