Number of Sentences    :        2878
Number of Propositions :        5099
Percentage of perfect props :   0.00

              corr.  excess  missed    prec.    rec.      F1
------------------------------------------------------------
   Overall      127   16407   11912     0.77    1.05    0.89
----------
        A0      108    5833    2579     1.82    4.02    2.50
        A1        0       0    4592     0.00    0.00    0.00
        A2       12      63    1102    16.00    1.08    2.02
        A3        0       0     128     0.00    0.00    0.00
        A4        0       0      99     0.00    0.00    0.00
        A5        0       0       1     0.00    0.00    0.00
    AM-ADV        0       0     331     0.00    0.00    0.00
    AM-CAU        0      35     133     0.00    0.00    0.00
    AM-DIR        0       0      11     0.00    0.00    0.00
    AM-DIS        0    5086     268     0.00    0.00    0.00
    AM-EXT        0     250      72     0.00    0.00    0.00
    AM-LOC        0       9     628     0.00    0.00    0.00
    AM-MED        0       5       3     0.00    0.00    0.00
    AM-MNR        0      27     361     0.00    0.00    0.00
    AM-NEG        0     323     284     0.00    0.00    0.00
    AM-PNC        2      17     138    10.53    1.43    2.52
    AM-PRD        5    4759     155     0.10    3.12    0.20
    AM-REC        0       0       8     0.00    0.00    0.00
    AM-TMP        0       0    1019     0.00    0.00    0.00
------------------------------------------------------------
         V        0      20    5099     0.00    0.00    0.00
------------------------------------------------------------
