Number of Sentences    :         100
Number of Propositions :         100
Percentage of perfect props :  38.00

              corr.  excess  missed    prec.    rec.      F1
------------------------------------------------------------
   Overall      135      72     104    65.22   56.49   60.54
----------
        A0       39      14      21    73.58   65.00   69.03
        A1       61      29      33    67.78   64.89   66.30
        A2        8      10      10    44.44   44.44   44.44
        A3        0       0       1     0.00    0.00    0.00
        A4        0       2       2     0.00    0.00    0.00
    AM-ADV        2       4       8    33.33   20.00   25.00
    AM-CAU        1       0       1   100.00   50.00   66.67
    AM-DIS        1       2       3    33.33   25.00   28.57
    AM-EXT        0       1       1     0.00    0.00    0.00
    AM-LOC        8       3       5    72.73   61.54   66.67
    AM-MNR        0       1       9     0.00    0.00    0.00
    AM-NEG        3       1       1    75.00   75.00   75.00
    AM-PNC        2       2       1    50.00   66.67   57.14
    AM-PRD        0       0       2     0.00    0.00    0.00
    AM-TMP       10       3       6    76.92   62.50   68.97
------------------------------------------------------------
         V       99       0       1   100.00   99.00   99.50
------------------------------------------------------------
