Number of Sentences    :        2878
Number of Propositions :        5099
Percentage of perfect props :   0.00

              corr.  excess  missed    prec.    rec.      F1
------------------------------------------------------------
   Overall      312   21924   11727     1.40    2.59    1.82
----------
        A0        0     407    2687     0.00    0.00    0.00
        A1        0     215    4592     0.00    0.00    0.00
        A2        0     417    1114     0.00    0.00    0.00
        A3        0    5101     128     0.00    0.00    0.00
        A4        0       2      99     0.00    0.00    0.00
        A5        0       4       1     0.00    0.00    0.00
    AM-ADV      312     134      19    69.96   94.26   80.31
    AM-CAU        0       3     133     0.00    0.00    0.00
    AM-DIR        0      98      11     0.00    0.00    0.00
    AM-DIS        0   10205     268     0.00    0.00    0.00
    AM-EXT        0    1089      72     0.00    0.00    0.00
    AM-LOC        0      15     628     0.00    0.00    0.00
    AM-MED        0     140       3     0.00    0.00    0.00
    AM-MNR        0      14     361     0.00    0.00    0.00
    AM-NEG        0    2696     284     0.00    0.00    0.00
    AM-PNC        0     272     140     0.00    0.00    0.00
    AM-PRD        0    1102     160     0.00    0.00    0.00
    AM-REC        0       3       8     0.00    0.00    0.00
    AM-TMP        0       7    1019     0.00    0.00    0.00
------------------------------------------------------------
         V        0    4518    5099     0.00    0.00    0.00
------------------------------------------------------------
