Number of Sentences    :        2878
Number of Propositions :        5099
Percentage of perfect props :   0.00

              corr.  excess  missed    prec.    rec.      F1
------------------------------------------------------------
   Overall       19   26223   12020     0.07    0.16    0.10
----------
        A0        0       0    2687     0.00    0.00    0.00
        A1        0     454    4592     0.00    0.00    0.00
        A2        5    1606    1109     0.31    0.45    0.37
        A3        1    3352     127     0.03    0.78    0.06
        A4        7    7211      92     0.10    7.07    0.19
        A5        0    5092       1     0.00    0.00    0.00
    AM-ADV        1     200     330     0.50    0.30    0.38
    AM-CAU        0       2     133     0.00    0.00    0.00
    AM-DIR        0       0      11     0.00    0.00    0.00
    AM-DIS        0       0     268     0.00    0.00    0.00
    AM-EXT        4    1116      68     0.36    5.56    0.67
    AM-LOC        0    4957     628     0.00    0.00    0.00
    AM-MED        0       0       3     0.00    0.00    0.00
    AM-MNR        0       1     361     0.00    0.00    0.00
    AM-NEG        0      87     284     0.00    0.00    0.00
    AM-PNC        0    1477     140     0.00    0.00    0.00
    AM-PRD        0     473     160     0.00    0.00    0.00
    AM-REC        0       0       8     0.00    0.00    0.00
    AM-TMP        1     195    1018     0.51    0.10    0.16
------------------------------------------------------------
         V        0      43    5099     0.00    0.00    0.00
------------------------------------------------------------
