Number of Sentences    :        2878
Number of Propositions :        5099
Percentage of perfect props :  62.76

              corr.  excess  missed    prec.    rec.      F1
------------------------------------------------------------
   Overall     9262    2635    2777    77.85   76.93   77.39
----------
        A0     2384     332     303    87.78   88.72   88.25
        A1     3969     688     623    85.23   86.43   85.83
        A2      758     453     356    62.59   68.04   65.20
        A3       45      45      83    50.00   35.16   41.28
        A4       45      17      54    72.58   45.45   55.90
        A5        0       0       1     0.00    0.00    0.00
    AM-ADV      210     145     121    59.15   63.44   61.22
    AM-CAU       64      41      69    60.95   48.12   53.78
    AM-DIR        4       2       7    66.67   36.36   47.06
    AM-DIS      179      90      89    66.54   66.79   66.67
    AM-EXT       26      17      46    60.47   36.11   45.22
    AM-LOC      420     203     208    67.42   66.88   67.15
    AM-MED        1       4       2    20.00   33.33   25.00
    AM-MNR      163     107     198    60.37   45.15   51.66
    AM-NEG      255      99      29    72.03   89.79   79.94
    AM-PNC       83      88      57    48.54   59.29   53.38
    AM-PRD       74      47      86    61.16   46.25   52.67
    AM-REC        4       5       4    44.44   50.00   47.06
    AM-TMP      578     252     441    69.64   56.72   62.52
------------------------------------------------------------
         V     5001      98      98    98.08   98.08   98.08
------------------------------------------------------------
