Number of Sentences    :        2878
Number of Propositions :        5099
Percentage of perfect props :   0.00

              corr.  excess  missed    prec.    rec.      F1
------------------------------------------------------------
   Overall       28   36940   12011     0.08    0.23    0.11
----------
        A0        0       0    2687     0.00    0.00    0.00
        A1        0      65    4592     0.00    0.00    0.00
        A2        0       7    1114     0.00    0.00    0.00
        A3        1    5014     127     0.02    0.78    0.04
        A4        0       0      99     0.00    0.00    0.00
        A5        0       0       1     0.00    0.00    0.00
    AM-ADV       26   19886     305     0.13    7.85    0.26
    AM-CAU        0      42     133     0.00    0.00    0.00
    AM-DIR        0       0      11     0.00    0.00    0.00
    AM-DIS        0    1307     268     0.00    0.00    0.00
    AM-EXT        0    3175      72     0.00    0.00    0.00
    AM-LOC        0      59     628     0.00    0.00    0.00
    AM-MED        0      78       3     0.00    0.00    0.00
    AM-MNR        0     100     361     0.00    0.00    0.00
    AM-NEG        1     806     283     0.12    0.35    0.18
    AM-PNC        0       0     140     0.00    0.00    0.00
    AM-PRD        0    5057     160     0.00    0.00    0.00
    AM-REC        0       0       8     0.00    0.00    0.00
    AM-TMP        0    1344    1019     0.00    0.00    0.00
------------------------------------------------------------
         V        0       0    5099     0.00    0.00    0.00
------------------------------------------------------------
