Number of Sentences    :        2878
Number of Propositions :        5099
Percentage of perfect props :  94.10

              corr.  excess  missed    prec.    rec.      F1
------------------------------------------------------------
   Overall    11572     335     467    97.19   96.12   96.65
----------
        A0     2670      17      17    99.37   99.37   99.37
        A1     4529      63      63    98.63   98.63   98.63
        A2     1047      53      67    95.18   93.99   94.58
        A3      110       7      18    94.02   85.94   89.80
        A4       87       8      12    91.58   87.88   89.69
        A5        1       0       0   100.00  100.00  100.00
    AM-ADV      303      22      28    93.23   91.54   92.38
    AM-CAU      120       8      13    93.75   90.23   91.95
    AM-DIR       11       0       0   100.00  100.00  100.00
    AM-DIS      250      13      18    95.06   93.28   94.16
    AM-EXT       53      12      19    81.54   73.61   77.37
    AM-LOC      574      31      54    94.88   91.40   93.11
    AM-MED        2       0       1   100.00   66.67   80.00
    AM-MNR      312      28      49    91.76   86.43   89.02
    AM-NEG      283       1       1    99.65   99.65   99.65
    AM-PNC      130       9      10    93.53   92.86   93.19
    AM-PRD      138       7      22    95.17   86.25   90.49
    AM-REC        8       0       0   100.00  100.00  100.00
    AM-TMP      944      56      75    94.40   92.64   93.51
------------------------------------------------------------
         V     5094       5       5    99.90   99.90   99.90
------------------------------------------------------------
