Number of Sentences    :        2878
Number of Propositions :        5099
Percentage of perfect props :  98.16

              corr.  excess  missed    prec.    rec.      F1
------------------------------------------------------------
   Overall    11894     105     145    99.12   98.80   98.96
----------
        A0     2680       3       7    99.89   99.74   99.81
        A1     4551      43      41    99.06   99.11   99.09
        A2     1107       5       7    99.55   99.37   99.46
        A3      128       0       0   100.00  100.00  100.00
        A4       99       0       0   100.00  100.00  100.00
        A5        1       0       0   100.00  100.00  100.00
    AM-ADV      326       5       5    98.49   98.49   98.49
    AM-CAU      131       2       2    98.50   98.50   98.50
    AM-DIR       11       0       0   100.00  100.00  100.00
    AM-DIS      267       1       1    99.63   99.63   99.63
    AM-EXT       72       0       0   100.00  100.00  100.00
    AM-LOC      599      15      29    97.56   95.38   96.46
    AM-MED        3       0       0   100.00  100.00  100.00
    AM-MNR      353       5       8    98.60   97.78   98.19
    AM-NEG      283       1       1    99.65   99.65   99.65
    AM-PNC      138       1       2    99.28   98.57   98.92
    AM-PRD      158       1       2    99.37   98.75   99.06
    AM-REC        8       0       0   100.00  100.00  100.00
    AM-TMP      979      23      40    97.70   96.07   96.88
------------------------------------------------------------
         V     5093       5       6    99.90   99.88   99.89
------------------------------------------------------------
