Number of Sentences    :        2878
Number of Propositions :        5099
Percentage of perfect props :  98.55

              corr.  excess  missed    prec.    rec.      F1
------------------------------------------------------------
   Overall    11931      87     108    99.28   99.10   99.19
----------
        A0     2686       3       1    99.89   99.96   99.93
        A1     4584      10       8    99.78   99.83   99.80
        A2     1114       3       0    99.73  100.00   99.87
        A3      127       2       1    98.45   99.22   98.83
        A4       99       0       0   100.00  100.00  100.00
        A5        0       0       1     0.00    0.00    0.00
    AM-ADV      325       6       6    98.19   98.19   98.19
    AM-CAU      132       1       1    99.25   99.25   99.25
    AM-DIR       11       0       0   100.00  100.00  100.00
    AM-DIS      267       1       1    99.63   99.63   99.63
    AM-EXT       72       2       0    97.30  100.00   98.63
    AM-LOC      599      18      29    97.08   95.38   96.22
    AM-MED        2       0       1   100.00   66.67   80.00
    AM-MNR      355       5       6    98.61   98.34   98.47
    AM-NEG      282       4       2    98.60   99.30   98.95
    AM-PNC      137       3       3    97.86   97.86   97.86
    AM-PRD      154       5       6    96.86   96.25   96.55
    AM-REC        4       0       4   100.00   50.00   66.67
    AM-TMP      981      24      38    97.61   96.27   96.94
------------------------------------------------------------
         V     5093       8       6    99.84   99.88   99.86
------------------------------------------------------------
