Number of Sentences    :        2878
Number of Propositions :        5099
Percentage of perfect props :   0.00

              corr.  excess  missed    prec.    rec.      F1
------------------------------------------------------------
   Overall       16   33270   12023     0.05    0.13    0.07
----------
        A0        0       3    2687     0.00    0.00    0.00
        A1        0     138    4592     0.00    0.00    0.00
        A2        0      11    1114     0.00    0.00    0.00
        A3        0    4848     128     0.00    0.00    0.00
        A4        0       0      99     0.00    0.00    0.00
        A5        0       1       1     0.00    0.00    0.00
    AM-ADV       14   16152     317     0.09    4.23    0.17
    AM-CAU        0      49     133     0.00    0.00    0.00
    AM-DIR        0       0      11     0.00    0.00    0.00
    AM-DIS        0    1339     268     0.00    0.00    0.00
    AM-EXT        0    2975      72     0.00    0.00    0.00
    AM-LOC        0      82     628     0.00    0.00    0.00
    AM-MED        0     137       3     0.00    0.00    0.00
    AM-MNR        0     215     361     0.00    0.00    0.00
    AM-NEG        2     791     282     0.25    0.70    0.37
    AM-PNC        0       5     140     0.00    0.00    0.00
    AM-PRD        0    5067     160     0.00    0.00    0.00
    AM-REC        0       0       8     0.00    0.00    0.00
    AM-TMP        0    1457    1019     0.00    0.00    0.00
------------------------------------------------------------
         V        0       4    5099     0.00    0.00    0.00
------------------------------------------------------------
