Number of Sentences    :        2878
Number of Propositions :        5099
Percentage of perfect props :  46.40

              corr.  excess  missed    prec.    rec.      F1
------------------------------------------------------------
   Overall     7700    3630    4339    67.96   63.96   65.90
----------
        A0     2015     454     672    81.61   74.99   78.16
        A1     3081    1023    1511    75.07   67.09   70.86
        A2      544     549     570    49.77   48.83   49.30
        A3       44     186      84    19.13   34.38   24.58
        A4       45      63      54    41.67   45.45   43.48
        A5        0       0       1     0.00    0.00    0.00
    AM-ADV      172      81     159    67.98   51.96   58.90
    AM-CAU       97      35      36    73.48   72.93   73.21
    AM-DIR        9      11       2    45.00   81.82   58.06
    AM-DIS      133      73     135    64.56   49.63   56.12
    AM-EXT       19      17      53    52.78   26.39   35.19
    AM-LOC      323     189     305    63.09   51.43   56.67
    AM-MED        0       1       3     0.00    0.00    0.00
    AM-MNR      148     159     213    48.21   41.00   44.31
    AM-NEG      260      40      24    86.67   91.55   89.04
    AM-PNC      111      32      29    77.62   79.29   78.45
    AM-PRD       84      50      76    62.69   52.50   57.14
    AM-REC        1       1       7    50.00   12.50   20.00
    AM-TMP      614     666     405    47.97   60.26   53.41
------------------------------------------------------------
         V     4926     176     173    96.55   96.61   96.58
------------------------------------------------------------
