Number of Sentences    :        2878
Number of Propositions :        5099
Percentage of perfect props :   0.00

              corr.  excess  missed    prec.    rec.      F1
------------------------------------------------------------
   Overall      168   19793   11871     0.84    1.40    1.05
----------
        A0        0     119    2687     0.00    0.00    0.00
        A1        1     224    4591     0.44    0.02    0.04
        A2       67    4605    1047     1.43    6.01    2.32
        A3        5      52     123     8.77    3.91    5.41
        A4        0      27      99     0.00    0.00    0.00
        A5        0       0       1     0.00    0.00    0.00
    AM-ADV       91     181     240    33.46   27.49   30.18
    AM-CAU        0       0     133     0.00    0.00    0.00
    AM-DIR        0       2      11     0.00    0.00    0.00
    AM-DIS        0    4961     268     0.00    0.00    0.00
    AM-EXT        3    1759      69     0.17    4.17    0.33
    AM-LOC        0       0     628     0.00    0.00    0.00
    AM-MED        0     220       3     0.00    0.00    0.00
    AM-MNR        1     103     360     0.96    0.28    0.43
    AM-NEG        0    1149     284     0.00    0.00    0.00
    AM-PNC        0    6285     140     0.00    0.00    0.00
    AM-PRD        0       0     160     0.00    0.00    0.00
    AM-REC        0     106       8     0.00    0.00    0.00
    AM-TMP        0       0    1019     0.00    0.00    0.00
------------------------------------------------------------
         V        0     692    5099     0.00    0.00    0.00
------------------------------------------------------------
