Number of Sentences    :        2878
Number of Propositions :        5099
Percentage of perfect props :  69.99

              corr.  excess  missed    prec.    rec.      F1
------------------------------------------------------------
   Overall     9602    2056    2437    82.36   79.76   81.04
----------
        A0     2444     500     243    83.02   90.96   86.81
        A1     3845     667     747    85.22   83.73   84.47
        A2      693     183     421    79.11   62.21   69.65
        A3       71      25      57    73.96   55.47   63.39
        A4       62      19      37    76.54   62.63   68.89
        A5        1       0       0   100.00  100.00  100.00
    AM-ADV      243      78      88    75.70   73.41   74.54
    AM-CAU       93      29      40    76.23   69.92   72.94
    AM-DIR        8       1       3    88.89   72.73   80.00
    AM-DIS      188      69      80    73.15   70.15   71.62
    AM-EXT       33      13      39    71.74   45.83   55.93
    AM-LOC      432     104     196    80.60   68.79   74.23
    AM-MED        1       1       2    50.00   33.33   40.00
    AM-MNR      214      76     147    73.79   59.28   65.75
    AM-NEG      270      14      14    95.07   95.07   95.07
    AM-PNC      112      22      28    83.58   80.00   81.75
    AM-PRD      105      39      55    72.92   65.62   69.08
    AM-REC        2       0       6   100.00   25.00   40.00
    AM-TMP      785     216     234    78.42   77.04   77.72
------------------------------------------------------------
         V     5048      53      51    98.96   99.00   98.98
------------------------------------------------------------
