Number of Sentences    :        2878
Number of Propositions :        5099
Percentage of perfect props :   0.00

              corr.  excess  missed    prec.    rec.      F1
------------------------------------------------------------
   Overall       15   35886   12024     0.04    0.12    0.06
----------
        A0        0      66    2687     0.00    0.00    0.00
        A1        0     424    4592     0.00    0.00    0.00
        A2        0      92    1114     0.00    0.00    0.00
        A3        0    5124     128     0.00    0.00    0.00
        A4        0      17      99     0.00    0.00    0.00
        A5        0      16       1     0.00    0.00    0.00
    AM-ADV       10   16606     321     0.06    3.02    0.12
    AM-CAU        0     127     133     0.00    0.00    0.00
    AM-DIR        0       2      11     0.00    0.00    0.00
    AM-DIS        0    1688     268     0.00    0.00    0.00
    AM-EXT        0    3122      72     0.00    0.00    0.00
    AM-LOC        0     161     628     0.00    0.00    0.00
    AM-MED        0     151       3     0.00    0.00    0.00
    AM-MNR        1     549     360     0.18    0.28    0.22
    AM-NEG        3     812     281     0.37    1.06    0.55
    AM-PNC        0      50     140     0.00    0.00    0.00
    AM-PRD        0    5142     160     0.00    0.00    0.00
    AM-REC        0      21       8     0.00    0.00    0.00
    AM-TMP        1    1716    1018     0.06    0.10    0.07
------------------------------------------------------------
         V        0      87    5099     0.00    0.00    0.00
------------------------------------------------------------
