Number of Sentences    :        2878
Number of Propositions :        5099
Percentage of perfect props :   0.00

              corr.  excess  missed    prec.    rec.      F1
------------------------------------------------------------
   Overall      367   18636   11672     1.93    3.05    2.36
----------
        A0        0     182    2687     0.00    0.00    0.00
        A1        1     265    4591     0.38    0.02    0.04
        A2        5    4549    1109     0.11    0.45    0.18
        A3      103      41      25    71.53   80.47   75.74
        A4        0      66      99     0.00    0.00    0.00
        A5        0       4       1     0.00    0.00    0.00
    AM-ADV      258     138      73    65.15   77.95   70.98
    AM-CAU        0      14     133     0.00    0.00    0.00
    AM-DIR        0      17      11     0.00    0.00    0.00
    AM-DIS        0    4949     268     0.00    0.00    0.00
    AM-EXT        0    1398      72     0.00    0.00    0.00
    AM-LOC        0       4     628     0.00    0.00    0.00
    AM-MED        0     169       3     0.00    0.00    0.00
    AM-MNR        0     139     361     0.00    0.00    0.00
    AM-NEG        0     705     284     0.00    0.00    0.00
    AM-PNC        0    5820     140     0.00    0.00    0.00
    AM-PRD        0       3     160     0.00    0.00    0.00
    AM-REC        0     168       8     0.00    0.00    0.00
    AM-TMP        0       5    1019     0.00    0.00    0.00
------------------------------------------------------------
         V        0     692    5099     0.00    0.00    0.00
------------------------------------------------------------
