Number of Sentences    :        2878
Number of Propositions :        5099
Percentage of perfect props :   1.67

              corr.  excess  missed    prec.    rec.      F1
------------------------------------------------------------
   Overall      570    5981   11469     8.70    4.73    6.13
----------
        A0      285    1185    2402    19.39   10.61   13.71
        A1      266    4122    4326     6.06    5.79    5.92
        A2       14     395    1100     3.42    1.26    1.84
        A3        0       4     128     0.00    0.00    0.00
        A4        1       6      98    14.29    1.01    1.89
        A5        0       0       1     0.00    0.00    0.00
    AM-ADV        0       0     331     0.00    0.00    0.00
    AM-CAU        0       2     133     0.00    0.00    0.00
    AM-DIR        0       2      11     0.00    0.00    0.00
    AM-DIS        0       3     268     0.00    0.00    0.00
    AM-EXT        0       0      72     0.00    0.00    0.00
    AM-LOC        3     172     625     1.71    0.48    0.75
    AM-MED        0       0       3     0.00    0.00    0.00
    AM-MNR        0       9     361     0.00    0.00    0.00
    AM-NEG        0       0     284     0.00    0.00    0.00
    AM-PNC        0       1     140     0.00    0.00    0.00
    AM-PRD        0       0     160     0.00    0.00    0.00
    AM-REC        0       0       8     0.00    0.00    0.00
    AM-TMP        1      80    1018     1.23    0.10    0.18
------------------------------------------------------------
         V      222     472    4877    31.99    4.35    7.66
------------------------------------------------------------
