Number of Sentences    :        2878
Number of Propositions :        5099
Percentage of perfect props :   0.00

              corr.  excess  missed    prec.    rec.      F1
------------------------------------------------------------
   Overall      359   27466   11680     1.29    2.98    1.80
----------
        A0        1    5103    2686     0.02    0.04    0.03
        A1        1    1237    4591     0.08    0.02    0.03
        A2       26    8336    1088     0.31    2.33    0.55
        A3        0    5269     128     0.00    0.00    0.00
        A4        0      12      99     0.00    0.00    0.00
        A5        0     176       1     0.00    0.00    0.00
    AM-ADV        0     520     331     0.00    0.00    0.00
    AM-CAU        0     174     133     0.00    0.00    0.00
    AM-DIR        0       4      11     0.00    0.00    0.00
    AM-DIS        0     142     268     0.00    0.00    0.00
    AM-EXT        0    2095      72     0.00    0.00    0.00
    AM-LOC      331     646     297    33.88   52.71   41.25
    AM-MED        0       8       3     0.00    0.00    0.00
    AM-MNR        0     117     361     0.00    0.00    0.00
    AM-NEG        0     336     284     0.00    0.00    0.00
    AM-PNC        0      26     140     0.00    0.00    0.00
    AM-PRD        0       1     160     0.00    0.00    0.00
    AM-REC        0    3253       8     0.00    0.00    0.00
    AM-TMP        0      11    1019     0.00    0.00    0.00
------------------------------------------------------------
         V        0      61    5099     0.00    0.00    0.00
------------------------------------------------------------
