Number of Sentences    :        2878
Number of Propositions :        5099
Percentage of perfect props :   9.26

              corr.  excess  missed    prec.    rec.      F1
------------------------------------------------------------
   Overall     3959   14397    8080    21.57   32.88   26.05
----------
        A0     1112       5    1575    99.55   41.38   58.46
        A1     1553   10939    3039    12.43   33.82   18.18
        A2      141     973     973    12.66   12.66   12.66
        A3       14     114     114    10.94   10.94   10.94
        A4        5      94      94     5.05    5.05    5.05
        A5        0       1       1     0.00    0.00    0.00
    AM-ADV      183     148     148    55.29   55.29   55.29
    AM-CAU        1     132     132     0.75    0.75    0.75
    AM-DIR        0      11      11     0.00    0.00    0.00
    AM-DIS      161     107     107    60.07   60.07   60.07
    AM-EXT       42      30      30    58.33   58.33   58.33
    AM-LOC       46     581     582     7.34    7.32    7.33
    AM-MED        1       2       2    33.33   33.33   33.33
    AM-MNR       90     271     271    24.93   24.93   24.93
    AM-NEG      267      17      17    94.01   94.01   94.01
    AM-PNC        4     136     136     2.86    2.86    2.86
    AM-PRD        6     154     154     3.75    3.75    3.75
    AM-REC        8       0       0   100.00  100.00  100.00
    AM-TMP      325     682     694    32.27   31.89   32.08
------------------------------------------------------------
         V     5084      15      15    99.71   99.71   99.71
------------------------------------------------------------
