Number of Sentences    :        2878
Number of Propositions :        5099
Percentage of perfect props :   0.00

              corr.  excess  missed    prec.    rec.      F1
------------------------------------------------------------
   Overall      357   18714   11682     1.87    2.97    2.30
----------
        A0        0     181    2687     0.00    0.00    0.00
        A1        1     267    4591     0.37    0.02    0.04
        A2        8    4556    1106     0.18    0.72    0.28
        A3      104      46      24    69.33   81.25   74.82
        A4        0      67      99     0.00    0.00    0.00
        A5        0       4       1     0.00    0.00    0.00
    AM-ADV      244     154      87    61.31   73.72   66.94
    AM-CAU        0      14     133     0.00    0.00    0.00
    AM-DIR        0      16      11     0.00    0.00    0.00
    AM-DIS        0    4949     268     0.00    0.00    0.00
    AM-EXT        0    1413      72     0.00    0.00    0.00
    AM-LOC        0       4     628     0.00    0.00    0.00
    AM-MED        0     168       3     0.00    0.00    0.00
    AM-MNR        0     138     361     0.00    0.00    0.00
    AM-NEG        0     726     284     0.00    0.00    0.00
    AM-PNC        0    5835     140     0.00    0.00    0.00
    AM-PRD        0       3     160     0.00    0.00    0.00
    AM-REC        0     168       8     0.00    0.00    0.00
    AM-TMP        0       5    1019     0.00    0.00    0.00
------------------------------------------------------------
         V        0     691    5099     0.00    0.00    0.00
------------------------------------------------------------
