Number of Sentences    :        2878
Number of Propositions :        5099
Percentage of perfect props :   0.00

              corr.  excess  missed    prec.    rec.      F1
------------------------------------------------------------
   Overall        2   23642   12037     0.01    0.02    0.01
----------
        A0        0       2    2687     0.00    0.00    0.00
        A1        0     439    4592     0.00    0.00    0.00
        A2        0    1131    1114     0.00    0.00    0.00
        A3        1    2909     127     0.03    0.78    0.07
        A4        1    5639      98     0.02    1.01    0.03
        A5        0    5099       1     0.00    0.00    0.00
    AM-ADV        0     347     331     0.00    0.00    0.00
    AM-CAU        0       8     133     0.00    0.00    0.00
    AM-DIR        0       6      11     0.00    0.00    0.00
    AM-DIS        0       5     268     0.00    0.00    0.00
    AM-EXT        0    1102      72     0.00    0.00    0.00
    AM-LOC        0    4950     628     0.00    0.00    0.00
    AM-MED        0       3       3     0.00    0.00    0.00
    AM-MNR        0      21     361     0.00    0.00    0.00
    AM-NEG        0     148     284     0.00    0.00    0.00
    AM-PNC        0    1045     140     0.00    0.00    0.00
    AM-PRD        0     455     160     0.00    0.00    0.00
    AM-REC        0       1       8     0.00    0.00    0.00
    AM-TMP        0     332    1019     0.00    0.00    0.00
------------------------------------------------------------
         V        0     129    5099     0.00    0.00    0.00
------------------------------------------------------------
