Number of Sentences    :        2878
Number of Propositions :        5099
Percentage of perfect props :  85.76

              corr.  excess  missed    prec.    rec.      F1
------------------------------------------------------------
   Overall    11059     905     980    92.44   91.86   92.15
----------
        A0     2591      90      96    96.64   96.43   96.54
        A1     4238     369     354    91.99   92.29   92.14
        A2      976     109     138    89.95   87.61   88.77
        A3      109      17      19    86.51   85.16   85.83
        A4       94       3       5    96.91   94.95   95.92
        A5        1       0       0   100.00  100.00  100.00
    AM-ADV      300      21      31    93.46   90.63   92.02
    AM-CAU      108      21      25    83.72   81.20   82.44
    AM-DIR       11       0       0   100.00  100.00  100.00
    AM-DIS      239      17      29    93.36   89.18   91.22
    AM-EXT       68       5       4    93.15   94.44   93.79
    AM-LOC      548      70      80    88.67   87.26   87.96
    AM-MED        2       1       1    66.67   66.67   66.67
    AM-MNR      306      36      55    89.47   84.76   87.06
    AM-NEG      283       8       1    97.25   99.65   98.43
    AM-PNC      128      22      12    85.33   91.43   88.28
    AM-PRD      138      24      22    85.19   86.25   85.71
    AM-REC        8       0       0   100.00  100.00  100.00
    AM-TMP      911      92     108    90.83   89.40   90.11
------------------------------------------------------------
         V     5078      17      21    99.67   99.59   99.63
------------------------------------------------------------
