Number of Sentences    :        5099
Number of Propositions :        5099
Percentage of perfect props :  26.65

              corr.  excess  missed    prec.    rec.      F1
------------------------------------------------------------
   Overall     4412    4318    7627    50.54   36.65   42.49
----------
        A0     1445    1093    1242    56.93   53.78   55.31
        A1     2355    1483    2237    61.36   51.28   55.87
        A2      310     986     804    23.92   27.83   25.73
        A3        1       3     127    25.00    0.78    1.52
        A4        2       3      97    40.00    2.02    3.85
        A5        0       0       1     0.00    0.00    0.00
    AM-ADV        9      37     322    19.57    2.72    4.77
    AM-CAU        2      18     131    10.00    1.50    2.61
    AM-DIR        0       0      11     0.00    0.00    0.00
    AM-DIS        3      11     265    21.43    1.12    2.13
    AM-EXT        0       0      72     0.00    0.00    0.00
    AM-LOC      111     260     517    29.92   17.68   22.22
    AM-MED        0       0       3     0.00    0.00    0.00
    AM-MNR        4      26     357    13.33    1.11    2.05
    AM-NEG       18       7     266    72.00    6.34   11.65
    AM-PNC        5      30     135    14.29    3.57    5.71
    AM-PRD        8      28     152    22.22    5.00    8.16
    AM-REC        0       0       8     0.00    0.00    0.00
    AM-TMP      139     333     880    29.45   13.64   18.65
------------------------------------------------------------
         V     4888     196     211    96.14   95.86   96.00
------------------------------------------------------------
