Number of Sentences    :        2878
Number of Propositions :        5099
Percentage of perfect props :   0.00

              corr.  excess  missed    prec.    rec.      F1
------------------------------------------------------------
   Overall        3   18461   12036     0.02    0.02    0.02
----------
        A0        0       0    2687     0.00    0.00    0.00
        A1        0      49    4592     0.00    0.00    0.00
        A2        1    4051    1113     0.02    0.09    0.04
        A3        0    1667     128     0.00    0.00    0.00
        A4        0       0      99     0.00    0.00    0.00
        A5        0    1226       1     0.00    0.00    0.00
    AM-ADV        0       0     331     0.00    0.00    0.00
    AM-CAU        0       0     133     0.00    0.00    0.00
    AM-DIR        0       0      11     0.00    0.00    0.00
    AM-DIS        0       0     268     0.00    0.00    0.00
    AM-EXT        2    3406      70     0.06    2.78    0.11
    AM-LOC        0       0     628     0.00    0.00    0.00
    AM-MED        0       0       3     0.00    0.00    0.00
    AM-MNR        0      10     361     0.00    0.00    0.00
    AM-NEG        0       0     284     0.00    0.00    0.00
    AM-PNC        0     176     140     0.00    0.00    0.00
    AM-PRD        0    6439     160     0.00    0.00    0.00
    AM-REC        0    1436       8     0.00    0.00    0.00
    AM-TMP        0       1    1019     0.00    0.00    0.00
------------------------------------------------------------
         V        8    3664    5091     0.22    0.16    0.18
------------------------------------------------------------
