Number of Sentences    :        2878
Number of Propositions :        5099
Percentage of perfect props :   0.00

              corr.  excess  missed    prec.    rec.      F1
------------------------------------------------------------
   Overall      153   19638   11886     0.77    1.27    0.96
----------
        A0        0      73    2687     0.00    0.00    0.00
        A1        1     141    4591     0.70    0.02    0.04
        A2       91    4543    1023     1.96    8.17    3.17
        A3        1      33     127     2.94    0.78    1.23
        A4        0      12      99     0.00    0.00    0.00
        A5        0       0       1     0.00    0.00    0.00
    AM-ADV       58     125     273    31.69   17.52   22.57
    AM-CAU        0       0     133     0.00    0.00    0.00
    AM-DIR        0       0      11     0.00    0.00    0.00
    AM-DIS        0    4963     268     0.00    0.00    0.00
    AM-EXT        1    1780      71     0.06    1.39    0.11
    AM-LOC        0       0     628     0.00    0.00    0.00
    AM-MED        0     193       3     0.00    0.00    0.00
    AM-MNR        0      28     361     0.00    0.00    0.00
    AM-NEG        0    1247     284     0.00    0.00    0.00
    AM-PNC        1    6413     139     0.02    0.71    0.03
    AM-PRD        0       0     160     0.00    0.00    0.00
    AM-REC        0      87       8     0.00    0.00    0.00
    AM-TMP        0       0    1019     0.00    0.00    0.00
------------------------------------------------------------
         V        0     596    5099     0.00    0.00    0.00
------------------------------------------------------------
