Number of Sentences    :        2878
Number of Propositions :        5099
Percentage of perfect props :   0.00

              corr.  excess  missed    prec.    rec.      F1
------------------------------------------------------------
   Overall     1057   25973   10982     3.91    8.78    5.41
----------
        A0        0      22    2687     0.00    0.00    0.00
        A1        0      76    4592     0.00    0.00    0.00
        A2        0      56    1114     0.00    0.00    0.00
        A3        0     498     128     0.00    0.00    0.00
        A4        0       5      99     0.00    0.00    0.00
        A5        0   11154       1     0.00    0.00    0.00
    AM-ADV        1    5521     330     0.02    0.30    0.03
    AM-CAU        0      11     133     0.00    0.00    0.00
    AM-DIR        0    5099      11     0.00    0.00    0.00
    AM-DIS        0     454     268     0.00    0.00    0.00
    AM-EXT        0     702      72     0.00    0.00    0.00
    AM-LOC        0     144     628     0.00    0.00    0.00
    AM-MED        0       1       3     0.00    0.00    0.00
    AM-MNR      239     520     122    31.49   66.20   42.68
    AM-NEG        0    1105     284     0.00    0.00    0.00
    AM-PNC        1     160     139     0.62    0.71    0.66
    AM-PRD        0      13     160     0.00    0.00    0.00
    AM-REC        0       2       8     0.00    0.00    0.00
    AM-TMP      816     430     203    65.49   80.08   72.05
------------------------------------------------------------
         V        0     116    5099     0.00    0.00    0.00
------------------------------------------------------------
