Number of Sentences    :        2878
Number of Propositions :        5099
Percentage of perfect props :  51.52

              corr.  excess  missed    prec.    rec.      F1
------------------------------------------------------------
   Overall     7702    3183    4337    70.76   63.98   67.20
----------
        A0     2203     606     484    78.43   81.99   80.17
        A1     3347    1297    1245    72.07   72.89   72.48
        A2      399     172     715    69.88   35.82   47.36
        A3       32      56      96    36.36   25.00   29.63
        A4       36      55      63    39.56   36.36   37.89
        A5        0       0       1     0.00    0.00    0.00
    AM-ADV      110      86     221    56.12   33.23   41.75
    AM-CAU       61      49      72    55.45   45.86   50.21
    AM-DIR        3       0       8   100.00   27.27   42.86
    AM-DIS       81      57     187    58.70   30.22   39.90
    AM-EXT        1       7      71    12.50    1.39    2.50
    AM-LOC      358     204     270    63.70   57.01   60.17
    AM-MED        1       0       2   100.00   33.33   50.00
    AM-MNR       90      76     271    54.22   24.93   34.16
    AM-NEG      253      60      31    80.83   89.08   84.76
    AM-PNC       91      44      49    67.41   65.00   66.18
    AM-PRD       49      40     111    55.06   30.62   39.36
    AM-REC        0       0       8     0.00    0.00    0.00
    AM-TMP      587     374     432    61.08   57.61   59.29
------------------------------------------------------------
         V     5014      79      85    98.45   98.33   98.39
------------------------------------------------------------
