Number of Sentences    :        2878
Number of Propositions :        5099
Percentage of perfect props :  58.07

              corr.  excess  missed    prec.    rec.      F1
------------------------------------------------------------
   Overall     8567    2751    3472    75.69   71.16   73.36
----------
        A0     2172     289     515    88.26   80.83   84.38
        A1     3811     858     781    81.62   82.99   82.30
        A2      711     520     403    57.76   63.82   60.64
        A3       19      17     109    52.78   14.84   23.17
        A4       23      34      76    40.35   23.23   29.49
        A5        0       0       1     0.00    0.00    0.00
    AM-ADV      157     146     174    51.82   47.43   49.53
    AM-CAU       52      88      81    37.14   39.10   38.10
    AM-DIR        4       4       7    50.00   36.36   42.11
    AM-DIS      145      76     123    65.61   54.10   59.30
    AM-EXT        9       7      63    56.25   12.50   20.45
    AM-LOC      378     187     250    66.90   60.19   63.37
    AM-MED        0       1       3     0.00    0.00    0.00
    AM-MNR      117     146     244    44.49   32.41   37.50
    AM-NEG      268      49      16    84.54   94.37   89.18
    AM-PNC       65      66      75    49.62   46.43   47.97
    AM-PRD       55      53     105    50.93   34.38   41.04
    AM-REC        1       0       7   100.00   12.50   22.22
    AM-TMP      580     210     439    73.42   56.92   64.12
------------------------------------------------------------
         V     4984     123     115    97.59   97.74   97.67
------------------------------------------------------------
