Number of Sentences    :        2878
Number of Propositions :        5099
Percentage of perfect props :   0.00

              corr.  excess  missed    prec.    rec.      F1
------------------------------------------------------------
   Overall      334   19213   11705     1.71    2.77    2.11
----------
        A0        1     195    2686     0.51    0.04    0.07
        A1        2     277    4590     0.72    0.04    0.08
        A2       15    4526    1099     0.33    1.35    0.53
        A3       95      96      33    49.74   74.22   59.56
        A4        0      69      99     0.00    0.00    0.00
        A5        0       5       1     0.00    0.00    0.00
    AM-ADV      220     194     111    53.14   66.47   59.06
    AM-CAU        0      16     133     0.00    0.00    0.00
    AM-DIR        0      21      11     0.00    0.00    0.00
    AM-DIS        0    4948     268     0.00    0.00    0.00
    AM-EXT        0    1512      72     0.00    0.00    0.00
    AM-LOC        0       4     628     0.00    0.00    0.00
    AM-MED        0     225       3     0.00    0.00    0.00
    AM-MNR        0     168     361     0.00    0.00    0.00
    AM-NEG        0     870     284     0.00    0.00    0.00
    AM-PNC        0    5899     140     0.00    0.00    0.00
    AM-PRD        0       4     160     0.00    0.00    0.00
    AM-REC        0     175       8     0.00    0.00    0.00
    AM-TMP        1       9    1018    10.00    0.10    0.19
------------------------------------------------------------
         V        0     802    5099     0.00    0.00    0.00
------------------------------------------------------------
