Number of Sentences    :        2878
Number of Propositions :        5099
Percentage of perfect props :   0.00

              corr.  excess  missed    prec.    rec.      F1
------------------------------------------------------------
   Overall        9    6883   12030     0.13    0.07    0.10
----------
        A0        0       0    2687     0.00    0.00    0.00
        A1        0       0    4592     0.00    0.00    0.00
        A2        0      27    1114     0.00    0.00    0.00
        A3        0      29     128     0.00    0.00    0.00
        A4        0       0      99     0.00    0.00    0.00
        A5        0       0       1     0.00    0.00    0.00
    AM-ADV        0      13     331     0.00    0.00    0.00
    AM-CAU        0      62     133     0.00    0.00    0.00
    AM-DIR        0     127      11     0.00    0.00    0.00
    AM-DIS        0      24     268     0.00    0.00    0.00
    AM-EXT        0       0      72     0.00    0.00    0.00
    AM-LOC        0      71     628     0.00    0.00    0.00
    AM-MED        0       0       3     0.00    0.00    0.00
    AM-MNR        0     119     361     0.00    0.00    0.00
    AM-NEG        9    5110     275     0.18    3.17    0.33
    AM-PNC        0    1162     140     0.00    0.00    0.00
    AM-PRD        0      89     160     0.00    0.00    0.00
    AM-REC        0       0       8     0.00    0.00    0.00
    AM-TMP        0      50    1019     0.00    0.00    0.00
------------------------------------------------------------
         V        0    1503    5099     0.00    0.00    0.00
------------------------------------------------------------
