Number of Sentences    :        2878
Number of Propositions :        5099
Percentage of perfect props :  59.56

              corr.  excess  missed    prec.    rec.      F1
------------------------------------------------------------
   Overall     8932    3113    3107    74.16   74.19   74.17
----------
        A0     1953     593     734    76.71   72.68   74.64
        A1     3428    1184    1164    74.33   74.65   74.49
        A2      912     275     202    76.83   81.87   79.27
        A3       95      42      33    69.34   74.22   71.70
        A4       82      27      17    75.23   82.83   78.85
        A5        1       0       0   100.00  100.00  100.00
    AM-ADV      199      84     132    70.32   60.12   64.82
    AM-CAU       93      46      40    66.91   69.92   68.38
    AM-DIR       11       0       0   100.00  100.00  100.00
    AM-DIS      220      71      48    75.60   82.09   78.71
    AM-EXT       62       7      10    89.86   86.11   87.94
    AM-LOC      470     324     158    59.19   74.84   66.10
    AM-MED        2       1       1    66.67   66.67   66.67
    AM-MNR      206     141     155    59.37   57.06   58.19
    AM-NEG      218       7      66    96.89   76.76   85.66
    AM-PNC      112      55      28    67.07   80.00   72.96
    AM-PRD      107      64      53    62.57   66.88   64.65
    AM-REC        3       0       5   100.00   37.50   54.55
    AM-TMP      758     192     261    79.79   74.39   76.99
------------------------------------------------------------
         V     4948     140     151    97.25   97.04   97.14
------------------------------------------------------------
