Number of Sentences    :        2878
Number of Propositions :        5099
Percentage of perfect props :   6.82

              corr.  excess  missed    prec.    rec.      F1
------------------------------------------------------------
   Overall     1608    7116   10431    18.43   13.36   15.49
----------
        A0      523    2046    2164    20.36   19.46   19.90
        A1      816    2963    3776    21.59   17.77   19.50
        A2       90     595    1024    13.14    8.08   10.01
        A3        5      65     123     7.14    3.91    5.05
        A4        7      52      92    11.86    7.07    8.86
        A5        0       3       1     0.00    0.00    0.00
    AM-ADV        8     154     323     4.94    2.42    3.25
    AM-CAU        2      63     131     3.08    1.50    2.02
    AM-DIR        0       2      11     0.00    0.00    0.00
    AM-DIS        6      39     262    13.33    2.24    3.83
    AM-EXT        1       8      71    11.11    1.39    2.47
    AM-LOC       49     437     579    10.08    7.80    8.80
    AM-MED        0       1       3     0.00    0.00    0.00
    AM-MNR        9      99     352     8.33    2.49    3.84
    AM-NEG        7      16     277    30.43    2.46    4.56
    AM-PNC        9      60     131    13.04    6.43    8.61
    AM-PRD        6     123     154     4.65    3.75    4.15
    AM-REC        0       0       8     0.00    0.00    0.00
    AM-TMP       70     390     949    15.22    6.87    9.47
------------------------------------------------------------
         V     1721    2050    3378    45.64   33.75   38.80
------------------------------------------------------------
