Number of Sentences    :        2878
Number of Propositions :        5099
Percentage of perfect props :   0.00

              corr.  excess  missed    prec.    rec.      F1
------------------------------------------------------------
   Overall       12   36992   12027     0.03    0.10    0.05
----------
        A0        0      58    2687     0.00    0.00    0.00
        A1        0     560    4592     0.00    0.00    0.00
        A2        0      90    1114     0.00    0.00    0.00
        A3        0    5185     128     0.00    0.00    0.00
        A4        0       9      99     0.00    0.00    0.00
        A5        0       4       1     0.00    0.00    0.00
    AM-ADV       10   17128     321     0.06    3.02    0.11
    AM-CAU        0      91     133     0.00    0.00    0.00
    AM-DIR        0       0      11     0.00    0.00    0.00
    AM-DIS        0    1983     268     0.00    0.00    0.00
    AM-EXT        0    2675      72     0.00    0.00    0.00
    AM-LOC        0     216     628     0.00    0.00    0.00
    AM-MED        0     174       3     0.00    0.00    0.00
    AM-MNR        0     672     361     0.00    0.00    0.00
    AM-NEG        2    1030     282     0.19    0.70    0.30
    AM-PNC        0      56     140     0.00    0.00    0.00
    AM-PRD        0    5105     160     0.00    0.00    0.00
    AM-REC        0       7       8     0.00    0.00    0.00
    AM-TMP        0    1949    1019     0.00    0.00    0.00
------------------------------------------------------------
         V        0      29    5099     0.00    0.00    0.00
------------------------------------------------------------
