Number of Sentences    :        2878
Number of Propositions :        5099
Percentage of perfect props :   0.00

              corr.  excess  missed    prec.    rec.      F1
------------------------------------------------------------
   Overall      652   27857   11387     2.29    5.42    3.22
----------
        A0        0       2    2687     0.00    0.00    0.00
        A1        0      13    4592     0.00    0.00    0.00
        A2        0      13    1114     0.00    0.00    0.00
        A3        0     332     128     0.00    0.00    0.00
        A4        0       0      99     0.00    0.00    0.00
        A5        0   12344       1     0.00    0.00    0.00
    AM-ADV        3    5898     328     0.05    0.91    0.10
    AM-CAU        0       0     133     0.00    0.00    0.00
    AM-DIR        0    5095      11     0.00    0.00    0.00
    AM-DIS        0     385     268     0.00    0.00    0.00
    AM-EXT        0     845      72     0.00    0.00    0.00
    AM-LOC        0      34     628     0.00    0.00    0.00
    AM-MED        0       0       3     0.00    0.00    0.00
    AM-MNR       64     598     297     9.67   17.73   12.51
    AM-NEG        0    1122     284     0.00    0.00    0.00
    AM-PNC        1      97     139     1.02    0.71    0.84
    AM-PRD        0       0     160     0.00    0.00    0.00
    AM-REC        0       0       8     0.00    0.00    0.00
    AM-TMP      584    1079     435    35.12   57.31   43.55
------------------------------------------------------------
         V        0      68    5099     0.00    0.00    0.00
------------------------------------------------------------
